50 20 0.1 0.5 1.5 0.1 0.0 Star
50 20 0.1 0.5 1.5 0.1 0.0 Ring
50 20 0.1 0.5 1.5 0.1 0.001 Star
50 20 0.1 0.5 1.5 0.1 0.001 Ring
50 20 0.1 0.5 1.5 0.1 0.01 Star
50 20 0.1 0.5 1.5 0.1 0.01 Ring
50 20 0.1 0.5 1.5 0.01 0.0 Star
50 20 0.1 0.5 1.5 0.01 0.0 Ring
50 20 0.1 0.5 1.5 0.01 0.001 Star
50 20 0.1 0.5 1.5 0.01 0.001 Ring
50 20 0.1 0.5 1.5 0.01 0.01 Star
50 20 0.1 0.5 1.5 0.01 0.01 Ring
50 20 0.1 0.5 1.5 0.001 0.0 Star
50 20 0.1 0.5 1.5 0.001 0.0 Ring
50 20 0.1 0.5 1.5 0.001 0.001 Star
50 20 0.1 0.5 1.5 0.001 0.001 Ring
50 20 0.1 0.5 1.5 0.001 0.01 Star
50 20 0.1 0.5 1.5 0.001 0.01 Ring
50 20 0.1 0.5 2.0 0.1 0.0 Star
50 20 0.1 0.5 2.0 0.1 0.0 Ring
50 20 0.1 0.5 2.0 0.1 0.001 Star
50 20 0.1 0.5 2.0 0.1 0.001 Ring
50 20 0.1 0.5 2.0 0.1 0.01 Star
50 20 0.1 0.5 2.0 0.1 0.01 Ring
50 20 0.1 0.5 2.0 0.01 0.0 Star
50 20 0.1 0.5 2.0 0.01 0.0 Ring
50 20 0.1 0.5 2.0 0.01 0.001 Star
50 20 0.1 0.5 2.0 0.01 0.001 Ring
50 20 0.1 0.5 2.0 0.01 0.01 Star
50 20 0.1 0.5 2.0 0.01 0.01 Ring
50 20 0.1 0.5 2.0 0.001 0.0 Star
50 20 0.1 0.5 2.0 0.001 0.0 Ring
50 20 0.1 0.5 2.0 0.001 0.001 Star
50 20 0.1 0.5 2.0 0.001 0.001 Ring
50 20 0.1 0.5 2.0 0.001 0.01 Star
50 20 0.1 0.5 2.0 0.001 0.01 Ring
50 20 0.1 0.5 3.0 0.1 0.0 Star
50 20 0.1 0.5 3.0 0.1 0.0 Ring
50 20 0.1 0.5 3.0 0.1 0.001 Star
50 20 0.1 0.5 3.0 0.1 0.001 Ring
50 20 0.1 0.5 3.0 0.1 0.01 Star
50 20 0.1 0.5 3.0 0.1 0.01 Ring
50 20 0.1 0.5 3.0 0.01 0.0 Star
50 20 0.1 0.5 3.0 0.01 0.0 Ring
50 20 0.1 0.5 3.0 0.01 0.001 Star
50 20 0.1 0.5 3.0 0.01 0.001 Ring
50 20 0.1 0.5 3.0 0.01 0.01 Star
50 20 0.1 0.5 3.0 0.01 0.01 Ring
50 20 0.1 0.5 3.0 0.001 0.0 Star
50 20 0.1 0.5 3.0 0.001 0.0 Ring
50 20 0.1 0.5 3.0 0.001 0.001 Star
50 20 0.1 0.5 3.0 0.001 0.001 Ring
50 20 0.1 0.5 3.0 0.001 0.01 Star
50 20 0.1 0.5 3.0 0.001 0.01 Ring
50 20 0.1 1.5 1.5 0.1 0.0 Star
50 20 0.1 1.5 1.5 0.1 0.0 Ring
50 20 0.1 1.5 1.5 0.1 0.001 Star
50 20 0.1 1.5 1.5 0.1 0.001 Ring
50 20 0.1 1.5 1.5 0.1 0.01 Star
50 20 0.1 1.5 1.5 0.1 0.01 Ring
50 20 0.1 1.5 1.5 0.01 0.0 Star
50 20 0.1 1.5 1.5 0.01 0.0 Ring
50 20 0.1 1.5 1.5 0.01 0.001 Star
50 20 0.1 1.5 1.5 0.01 0.001 Ring
50 20 0.1 1.5 1.5 0.01 0.01 Star
50 20 0.1 1.5 1.5 0.01 0.01 Ring
50 20 0.1 1.5 1.5 0.001 0.0 Star
50 20 0.1 1.5 1.5 0.001 0.0 Ring
50 20 0.1 1.5 1.5 0.001 0.001 Star
50 20 0.1 1.5 1.5 0.001 0.001 Ring
50 20 0.1 1.5 1.5 0.001 0.01 Star
50 20 0.1 1.5 1.5 0.001 0.01 Ring
50 20 0.1 1.5 2.0 0.1 0.0 Star
50 20 0.1 1.5 2.0 0.1 0.0 Ring
50 20 0.1 1.5 2.0 0.1 0.001 Star
50 20 0.1 1.5 2.0 0.1 0.001 Ring
50 20 0.1 1.5 2.0 0.1 0.01 Star
50 20 0.1 1.5 2.0 0.1 0.01 Ring
50 20 0.1 1.5 2.0 0.01 0.0 Star
50 20 0.1 1.5 2.0 0.01 0.0 Ring
50 20 0.1 1.5 2.0 0.01 0.001 Star
50 20 0.1 1.5 2.0 0.01 0.001 Ring
50 20 0.1 1.5 2.0 0.01 0.01 Star
50 20 0.1 1.5 2.0 0.01 0.01 Ring
50 20 0.1 1.5 2.0 0.001 0.0 Star
50 20 0.1 1.5 2.0 0.001 0.0 Ring
50 20 0.1 1.5 2.0 0.001 0.001 Star
50 20 0.1 1.5 2.0 0.001 0.001 Ring
50 20 0.1 1.5 2.0 0.001 0.01 Star
50 20 0.1 1.5 2.0 0.001 0.01 Ring
50 20 0.1 1.5 3.0 0.1 0.0 Star
50 20 0.1 1.5 3.0 0.1 0.0 Ring
50 20 0.1 1.5 3.0 0.1 0.001 Star
50 20 0.1 1.5 3.0 0.1 0.001 Ring
50 20 0.1 1.5 3.0 0.1 0.01 Star
50 20 0.1 1.5 3.0 0.1 0.01 Ring
50 20 0.1 1.5 3.0 0.01 0.0 Star
50 20 0.1 1.5 3.0 0.01 0.0 Ring
50 20 0.1 1.5 3.0 0.01 0.001 Star
50 20 0.1 1.5 3.0 0.01 0.001 Ring
50 20 0.1 1.5 3.0 0.01 0.01 Star
50 20 0.1 1.5 3.0 0.01 0.01 Ring
50 20 0.1 1.5 3.0 0.001 0.0 Star
50 20 0.1 1.5 3.0 0.001 0.0 Ring
50 20 0.1 1.5 3.0 0.001 0.001 Star
50 20 0.1 1.5 3.0 0.001 0.001 Ring
50 20 0.1 1.5 3.0 0.001 0.01 Star
50 20 0.1 1.5 3.0 0.001 0.01 Ring
50 20 0.1 2.0 1.5 0.1 0.0 Star
50 20 0.1 2.0 1.5 0.1 0.0 Ring
50 20 0.1 2.0 1.5 0.1 0.001 Star
50 20 0.1 2.0 1.5 0.1 0.001 Ring
50 20 0.1 2.0 1.5 0.1 0.01 Star
50 20 0.1 2.0 1.5 0.1 0.01 Ring
50 20 0.1 2.0 1.5 0.01 0.0 Star
50 20 0.1 2.0 1.5 0.01 0.0 Ring
50 20 0.1 2.0 1.5 0.01 0.001 Star
50 20 0.1 2.0 1.5 0.01 0.001 Ring
50 20 0.1 2.0 1.5 0.01 0.01 Star
50 20 0.1 2.0 1.5 0.01 0.01 Ring
50 20 0.1 2.0 1.5 0.001 0.0 Star
50 20 0.1 2.0 1.5 0.001 0.0 Ring
50 20 0.1 2.0 1.5 0.001 0.001 Star
50 20 0.1 2.0 1.5 0.001 0.001 Ring
50 20 0.1 2.0 1.5 0.001 0.01 Star
50 20 0.1 2.0 1.5 0.001 0.01 Ring
50 20 0.1 2.0 2.0 0.1 0.0 Star
50 20 0.1 2.0 2.0 0.1 0.0 Ring
50 20 0.1 2.0 2.0 0.1 0.001 Star
50 20 0.1 2.0 2.0 0.1 0.001 Ring
50 20 0.1 2.0 2.0 0.1 0.01 Star
50 20 0.1 2.0 2.0 0.1 0.01 Ring
50 20 0.1 2.0 2.0 0.01 0.0 Star
50 20 0.1 2.0 2.0 0.01 0.0 Ring
50 20 0.1 2.0 2.0 0.01 0.001 Star
50 20 0.1 2.0 2.0 0.01 0.001 Ring
50 20 0.1 2.0 2.0 0.01 0.01 Star
50 20 0.1 2.0 2.0 0.01 0.01 Ring
50 20 0.1 2.0 2.0 0.001 0.0 Star
50 20 0.1 2.0 2.0 0.001 0.0 Ring
50 20 0.1 2.0 2.0 0.001 0.001 Star
50 20 0.1 2.0 2.0 0.001 0.001 Ring
50 20 0.1 2.0 2.0 0.001 0.01 Star
50 20 0.1 2.0 2.0 0.001 0.01 Ring
50 20 0.1 2.0 3.0 0.1 0.0 Star
50 20 0.1 2.0 3.0 0.1 0.0 Ring
50 20 0.1 2.0 3.0 0.1 0.001 Star
50 20 0.1 2.0 3.0 0.1 0.001 Ring
50 20 0.1 2.0 3.0 0.1 0.01 Star
50 20 0.1 2.0 3.0 0.1 0.01 Ring
50 20 0.1 2.0 3.0 0.01 0.0 Star
50 20 0.1 2.0 3.0 0.01 0.0 Ring
50 20 0.1 2.0 3.0 0.01 0.001 Star
50 20 0.1 2.0 3.0 0.01 0.001 Ring
50 20 0.1 2.0 3.0 0.01 0.01 Star
50 20 0.1 2.0 3.0 0.01 0.01 Ring
50 20 0.1 2.0 3.0 0.001 0.0 Star
50 20 0.1 2.0 3.0 0.001 0.0 Ring
50 20 0.1 2.0 3.0 0.001 0.001 Star
50 20 0.1 2.0 3.0 0.001 0.001 Ring
50 20 0.1 2.0 3.0 0.001 0.01 Star
50 20 0.1 2.0 3.0 0.001 0.01 Ring
50 20 0.3 0.5 1.5 0.1 0.0 Star
50 20 0.3 0.5 1.5 0.1 0.0 Ring
50 20 0.3 0.5 1.5 0.1 0.001 Star
50 20 0.3 0.5 1.5 0.1 0.001 Ring
50 20 0.3 0.5 1.5 0.1 0.01 Star
50 20 0.3 0.5 1.5 0.1 0.01 Ring
50 20 0.3 0.5 1.5 0.01 0.0 Star
50 20 0.3 0.5 1.5 0.01 0.0 Ring
50 20 0.3 0.5 1.5 0.01 0.001 Star
50 20 0.3 0.5 1.5 0.01 0.001 Ring
50 20 0.3 0.5 1.5 0.01 0.01 Star
50 20 0.3 0.5 1.5 0.01 0.01 Ring
50 20 0.3 0.5 1.5 0.001 0.0 Star
50 20 0.3 0.5 1.5 0.001 0.0 Ring
50 20 0.3 0.5 1.5 0.001 0.001 Star
50 20 0.3 0.5 1.5 0.001 0.001 Ring
50 20 0.3 0.5 1.5 0.001 0.01 Star
50 20 0.3 0.5 1.5 0.001 0.01 Ring
50 20 0.3 0.5 2.0 0.1 0.0 Star
50 20 0.3 0.5 2.0 0.1 0.0 Ring
50 20 0.3 0.5 2.0 0.1 0.001 Star
50 20 0.3 0.5 2.0 0.1 0.001 Ring
50 20 0.3 0.5 2.0 0.1 0.01 Star
50 20 0.3 0.5 2.0 0.1 0.01 Ring
50 20 0.3 0.5 2.0 0.01 0.0 Star
50 20 0.3 0.5 2.0 0.01 0.0 Ring
50 20 0.3 0.5 2.0 0.01 0.001 Star
50 20 0.3 0.5 2.0 0.01 0.001 Ring
50 20 0.3 0.5 2.0 0.01 0.01 Star
50 20 0.3 0.5 2.0 0.01 0.01 Ring
50 20 0.3 0.5 2.0 0.001 0.0 Star
50 20 0.3 0.5 2.0 0.001 0.0 Ring
50 20 0.3 0.5 2.0 0.001 0.001 Star
50 20 0.3 0.5 2.0 0.001 0.001 Ring
50 20 0.3 0.5 2.0 0.001 0.01 Star
50 20 0.3 0.5 2.0 0.001 0.01 Ring
50 20 0.3 0.5 3.0 0.1 0.0 Star
50 20 0.3 0.5 3.0 0.1 0.0 Ring
50 20 0.3 0.5 3.0 0.1 0.001 Star
50 20 0.3 0.5 3.0 0.1 0.001 Ring
50 20 0.3 0.5 3.0 0.1 0.01 Star
50 20 0.3 0.5 3.0 0.1 0.01 Ring
50 20 0.3 0.5 3.0 0.01 0.0 Star
50 20 0.3 0.5 3.0 0.01 0.0 Ring
50 20 0.3 0.5 3.0 0.01 0.001 Star
50 20 0.3 0.5 3.0 0.01 0.001 Ring
50 20 0.3 0.5 3.0 0.01 0.01 Star
50 20 0.3 0.5 3.0 0.01 0.01 Ring
50 20 0.3 0.5 3.0 0.001 0.0 Star
50 20 0.3 0.5 3.0 0.001 0.0 Ring
50 20 0.3 0.5 3.0 0.001 0.001 Star
50 20 0.3 0.5 3.0 0.001 0.001 Ring
50 20 0.3 0.5 3.0 0.001 0.01 Star
50 20 0.3 0.5 3.0 0.001 0.01 Ring
50 20 0.3 1.5 1.5 0.1 0.0 Star
50 20 0.3 1.5 1.5 0.1 0.0 Ring
50 20 0.3 1.5 1.5 0.1 0.001 Star
50 20 0.3 1.5 1.5 0.1 0.001 Ring
50 20 0.3 1.5 1.5 0.1 0.01 Star
50 20 0.3 1.5 1.5 0.1 0.01 Ring
50 20 0.3 1.5 1.5 0.01 0.0 Star
50 20 0.3 1.5 1.5 0.01 0.0 Ring
50 20 0.3 1.5 1.5 0.01 0.001 Star
50 20 0.3 1.5 1.5 0.01 0.001 Ring
50 20 0.3 1.5 1.5 0.01 0.01 Star
50 20 0.3 1.5 1.5 0.01 0.01 Ring
50 20 0.3 1.5 1.5 0.001 0.0 Star
50 20 0.3 1.5 1.5 0.001 0.0 Ring
50 20 0.3 1.5 1.5 0.001 0.001 Star
50 20 0.3 1.5 1.5 0.001 0.001 Ring
50 20 0.3 1.5 1.5 0.001 0.01 Star
50 20 0.3 1.5 1.5 0.001 0.01 Ring
50 20 0.3 1.5 2.0 0.1 0.0 Star
50 20 0.3 1.5 2.0 0.1 0.0 Ring
50 20 0.3 1.5 2.0 0.1 0.001 Star
50 20 0.3 1.5 2.0 0.1 0.001 Ring
50 20 0.3 1.5 2.0 0.1 0.01 Star
50 20 0.3 1.5 2.0 0.1 0.01 Ring
50 20 0.3 1.5 2.0 0.01 0.0 Star
50 20 0.3 1.5 2.0 0.01 0.0 Ring
50 20 0.3 1.5 2.0 0.01 0.001 Star
50 20 0.3 1.5 2.0 0.01 0.001 Ring
50 20 0.3 1.5 2.0 0.01 0.01 Star
50 20 0.3 1.5 2.0 0.01 0.01 Ring
50 20 0.3 1.5 2.0 0.001 0.0 Star
50 20 0.3 1.5 2.0 0.001 0.0 Ring
50 20 0.3 1.5 2.0 0.001 0.001 Star
50 20 0.3 1.5 2.0 0.001 0.001 Ring
50 20 0.3 1.5 2.0 0.001 0.01 Star
50 20 0.3 1.5 2.0 0.001 0.01 Ring
50 20 0.3 1.5 3.0 0.1 0.0 Star
50 20 0.3 1.5 3.0 0.1 0.0 Ring
50 20 0.3 1.5 3.0 0.1 0.001 Star
50 20 0.3 1.5 3.0 0.1 0.001 Ring
50 20 0.3 1.5 3.0 0.1 0.01 Star
50 20 0.3 1.5 3.0 0.1 0.01 Ring
50 20 0.3 1.5 3.0 0.01 0.0 Star
50 20 0.3 1.5 3.0 0.01 0.0 Ring
50 20 0.3 1.5 3.0 0.01 0.001 Star
50 20 0.3 1.5 3.0 0.01 0.001 Ring
50 20 0.3 1.5 3.0 0.01 0.01 Star
50 20 0.3 1.5 3.0 0.01 0.01 Ring
50 20 0.3 1.5 3.0 0.001 0.0 Star
50 20 0.3 1.5 3.0 0.001 0.0 Ring
50 20 0.3 1.5 3.0 0.001 0.001 Star
50 20 0.3 1.5 3.0 0.001 0.001 Ring
50 20 0.3 1.5 3.0 0.001 0.01 Star
50 20 0.3 1.5 3.0 0.001 0.01 Ring
50 20 0.3 2.0 1.5 0.1 0.0 Star
50 20 0.3 2.0 1.5 0.1 0.0 Ring
50 20 0.3 2.0 1.5 0.1 0.001 Star
50 20 0.3 2.0 1.5 0.1 0.001 Ring
50 20 0.3 2.0 1.5 0.1 0.01 Star
50 20 0.3 2.0 1.5 0.1 0.01 Ring
50 20 0.3 2.0 1.5 0.01 0.0 Star
50 20 0.3 2.0 1.5 0.01 0.0 Ring
50 20 0.3 2.0 1.5 0.01 0.001 Star
50 20 0.3 2.0 1.5 0.01 0.001 Ring
50 20 0.3 2.0 1.5 0.01 0.01 Star
50 20 0.3 2.0 1.5 0.01 0.01 Ring
50 20 0.3 2.0 1.5 0.001 0.0 Star
50 20 0.3 2.0 1.5 0.001 0.0 Ring
50 20 0.3 2.0 1.5 0.001 0.001 Star
50 20 0.3 2.0 1.5 0.001 0.001 Ring
50 20 0.3 2.0 1.5 0.001 0.01 Star
50 20 0.3 2.0 1.5 0.001 0.01 Ring
50 20 0.3 2.0 2.0 0.1 0.0 Star
50 20 0.3 2.0 2.0 0.1 0.0 Ring
50 20 0.3 2.0 2.0 0.1 0.001 Star
50 20 0.3 2.0 2.0 0.1 0.001 Ring
50 20 0.3 2.0 2.0 0.1 0.01 Star
50 20 0.3 2.0 2.0 0.1 0.01 Ring
50 20 0.3 2.0 2.0 0.01 0.0 Star
50 20 0.3 2.0 2.0 0.01 0.0 Ring
50 20 0.3 2.0 2.0 0.01 0.001 Star
50 20 0.3 2.0 2.0 0.01 0.001 Ring
50 20 0.3 2.0 2.0 0.01 0.01 Star
50 20 0.3 2.0 2.0 0.01 0.01 Ring
50 20 0.3 2.0 2.0 0.001 0.0 Star
50 20 0.3 2.0 2.0 0.001 0.0 Ring
50 20 0.3 2.0 2.0 0.001 0.001 Star
50 20 0.3 2.0 2.0 0.001 0.001 Ring
50 20 0.3 2.0 2.0 0.001 0.01 Star
50 20 0.3 2.0 2.0 0.001 0.01 Ring
50 20 0.3 2.0 3.0 0.1 0.0 Star
50 20 0.3 2.0 3.0 0.1 0.0 Ring
50 20 0.3 2.0 3.0 0.1 0.001 Star
50 20 0.3 2.0 3.0 0.1 0.001 Ring
50 20 0.3 2.0 3.0 0.1 0.01 Star
50 20 0.3 2.0 3.0 0.1 0.01 Ring
50 20 0.3 2.0 3.0 0.01 0.0 Star
50 20 0.3 2.0 3.0 0.01 0.0 Ring
50 20 0.3 2.0 3.0 0.01 0.001 Star
50 20 0.3 2.0 3.0 0.01 0.001 Ring
50 20 0.3 2.0 3.0 0.01 0.01 Star
50 20 0.3 2.0 3.0 0.01 0.01 Ring
50 20 0.3 2.0 3.0 0.001 0.0 Star
50 20 0.3 2.0 3.0 0.001 0.0 Ring
50 20 0.3 2.0 3.0 0.001 0.001 Star
50 20 0.3 2.0 3.0 0.001 0.001 Ring
50 20 0.3 2.0 3.0 0.001 0.01 Star
50 20 0.3 2.0 3.0 0.001 0.01 Ring
50 20 0.5 0.5 1.5 0.1 0.0 Star
50 20 0.5 0.5 1.5 0.1 0.0 Ring
50 20 0.5 0.5 1.5 0.1 0.001 Star
50 20 0.5 0.5 1.5 0.1 0.001 Ring
50 20 0.5 0.5 1.5 0.1 0.01 Star
50 20 0.5 0.5 1.5 0.1 0.01 Ring
50 20 0.5 0.5 1.5 0.01 0.0 Star
50 20 0.5 0.5 1.5 0.01 0.0 Ring
50 20 0.5 0.5 1.5 0.01 0.001 Star
50 20 0.5 0.5 1.5 0.01 0.001 Ring
50 20 0.5 0.5 1.5 0.01 0.01 Star
50 20 0.5 0.5 1.5 0.01 0.01 Ring
50 20 0.5 0.5 1.5 0.001 0.0 Star
50 20 0.5 0.5 1.5 0.001 0.0 Ring
50 20 0.5 0.5 1.5 0.001 0.001 Star
50 20 0.5 0.5 1.5 0.001 0.001 Ring
50 20 0.5 0.5 1.5 0.001 0.01 Star
50 20 0.5 0.5 1.5 0.001 0.01 Ring
50 20 0.5 0.5 2.0 0.1 0.0 Star
50 20 0.5 0.5 2.0 0.1 0.0 Ring
50 20 0.5 0.5 2.0 0.1 0.001 Star
50 20 0.5 0.5 2.0 0.1 0.001 Ring
50 20 0.5 0.5 2.0 0.1 0.01 Star
50 20 0.5 0.5 2.0 0.1 0.01 Ring
50 20 0.5 0.5 2.0 0.01 0.0 Star
50 20 0.5 0.5 2.0 0.01 0.0 Ring
50 20 0.5 0.5 2.0 0.01 0.001 Star
50 20 0.5 0.5 2.0 0.01 0.001 Ring
50 20 0.5 0.5 2.0 0.01 0.01 Star
50 20 0.5 0.5 2.0 0.01 0.01 Ring
50 20 0.5 0.5 2.0 0.001 0.0 Star
50 20 0.5 0.5 2.0 0.001 0.0 Ring
50 20 0.5 0.5 2.0 0.001 0.001 Star
50 20 0.5 0.5 2.0 0.001 0.001 Ring
50 20 0.5 0.5 2.0 0.001 0.01 Star
50 20 0.5 0.5 2.0 0.001 0.01 Ring
50 20 0.5 0.5 3.0 0.1 0.0 Star
50 20 0.5 0.5 3.0 0.1 0.0 Ring
50 20 0.5 0.5 3.0 0.1 0.001 Star
50 20 0.5 0.5 3.0 0.1 0.001 Ring
50 20 0.5 0.5 3.0 0.1 0.01 Star
50 20 0.5 0.5 3.0 0.1 0.01 Ring
50 20 0.5 0.5 3.0 0.01 0.0 Star
50 20 0.5 0.5 3.0 0.01 0.0 Ring
50 20 0.5 0.5 3.0 0.01 0.001 Star
50 20 0.5 0.5 3.0 0.01 0.001 Ring
50 20 0.5 0.5 3.0 0.01 0.01 Star
50 20 0.5 0.5 3.0 0.01 0.01 Ring
50 20 0.5 0.5 3.0 0.001 0.0 Star
50 20 0.5 0.5 3.0 0.001 0.0 Ring
50 20 0.5 0.5 3.0 0.001 0.001 Star
50 20 0.5 0.5 3.0 0.001 0.001 Ring
50 20 0.5 0.5 3.0 0.001 0.01 Star
50 20 0.5 0.5 3.0 0.001 0.01 Ring
50 20 0.5 1.5 1.5 0.1 0.0 Star
50 20 0.5 1.5 1.5 0.1 0.0 Ring
50 20 0.5 1.5 1.5 0.1 0.001 Star
50 20 0.5 1.5 1.5 0.1 0.001 Ring
50 20 0.5 1.5 1.5 0.1 0.01 Star
50 20 0.5 1.5 1.5 0.1 0.01 Ring
50 20 0.5 1.5 1.5 0.01 0.0 Star
50 20 0.5 1.5 1.5 0.01 0.0 Ring
50 20 0.5 1.5 1.5 0.01 0.001 Star
50 20 0.5 1.5 1.5 0.01 0.001 Ring
50 20 0.5 1.5 1.5 0.01 0.01 Star
50 20 0.5 1.5 1.5 0.01 0.01 Ring
50 20 0.5 1.5 1.5 0.001 0.0 Star
50 20 0.5 1.5 1.5 0.001 0.0 Ring
50 20 0.5 1.5 1.5 0.001 0.001 Star
50 20 0.5 1.5 1.5 0.001 0.001 Ring
50 20 0.5 1.5 1.5 0.001 0.01 Star
50 20 0.5 1.5 1.5 0.001 0.01 Ring
50 20 0.5 1.5 2.0 0.1 0.0 Star
50 20 0.5 1.5 2.0 0.1 0.0 Ring
50 20 0.5 1.5 2.0 0.1 0.001 Star
50 20 0.5 1.5 2.0 0.1 0.001 Ring
50 20 0.5 1.5 2.0 0.1 0.01 Star
50 20 0.5 1.5 2.0 0.1 0.01 Ring
50 20 0.5 1.5 2.0 0.01 0.0 Star
50 20 0.5 1.5 2.0 0.01 0.0 Ring
50 20 0.5 1.5 2.0 0.01 0.001 Star
50 20 0.5 1.5 2.0 0.01 0.001 Ring
50 20 0.5 1.5 2.0 0.01 0.01 Star
50 20 0.5 1.5 2.0 0.01 0.01 Ring
50 20 0.5 1.5 2.0 0.001 0.0 Star
50 20 0.5 1.5 2.0 0.001 0.0 Ring
50 20 0.5 1.5 2.0 0.001 0.001 Star
50 20 0.5 1.5 2.0 0.001 0.001 Ring
50 20 0.5 1.5 2.0 0.001 0.01 Star
50 20 0.5 1.5 2.0 0.001 0.01 Ring
50 20 0.5 1.5 3.0 0.1 0.0 Star
50 20 0.5 1.5 3.0 0.1 0.0 Ring
50 20 0.5 1.5 3.0 0.1 0.001 Star
50 20 0.5 1.5 3.0 0.1 0.001 Ring
50 20 0.5 1.5 3.0 0.1 0.01 Star
50 20 0.5 1.5 3.0 0.1 0.01 Ring
50 20 0.5 1.5 3.0 0.01 0.0 Star
50 20 0.5 1.5 3.0 0.01 0.0 Ring
50 20 0.5 1.5 3.0 0.01 0.001 Star
50 20 0.5 1.5 3.0 0.01 0.001 Ring
50 20 0.5 1.5 3.0 0.01 0.01 Star
50 20 0.5 1.5 3.0 0.01 0.01 Ring
50 20 0.5 1.5 3.0 0.001 0.0 Star
50 20 0.5 1.5 3.0 0.001 0.0 Ring
50 20 0.5 1.5 3.0 0.001 0.001 Star
50 20 0.5 1.5 3.0 0.001 0.001 Ring
50 20 0.5 1.5 3.0 0.001 0.01 Star
50 20 0.5 1.5 3.0 0.001 0.01 Ring
50 20 0.5 2.0 1.5 0.1 0.0 Star
50 20 0.5 2.0 1.5 0.1 0.0 Ring
50 20 0.5 2.0 1.5 0.1 0.001 Star
50 20 0.5 2.0 1.5 0.1 0.001 Ring
50 20 0.5 2.0 1.5 0.1 0.01 Star
50 20 0.5 2.0 1.5 0.1 0.01 Ring
50 20 0.5 2.0 1.5 0.01 0.0 Star
50 20 0.5 2.0 1.5 0.01 0.0 Ring
50 20 0.5 2.0 1.5 0.01 0.001 Star
50 20 0.5 2.0 1.5 0.01 0.001 Ring
50 20 0.5 2.0 1.5 0.01 0.01 Star
50 20 0.5 2.0 1.5 0.01 0.01 Ring
50 20 0.5 2.0 1.5 0.001 0.0 Star
50 20 0.5 2.0 1.5 0.001 0.0 Ring
50 20 0.5 2.0 1.5 0.001 0.001 Star
50 20 0.5 2.0 1.5 0.001 0.001 Ring
50 20 0.5 2.0 1.5 0.001 0.01 Star
50 20 0.5 2.0 1.5 0.001 0.01 Ring
50 20 0.5 2.0 2.0 0.1 0.0 Star
50 20 0.5 2.0 2.0 0.1 0.0 Ring
50 20 0.5 2.0 2.0 0.1 0.001 Star
50 20 0.5 2.0 2.0 0.1 0.001 Ring
50 20 0.5 2.0 2.0 0.1 0.01 Star
50 20 0.5 2.0 2.0 0.1 0.01 Ring
50 20 0.5 2.0 2.0 0.01 0.0 Star
50 20 0.5 2.0 2.0 0.01 0.0 Ring
50 20 0.5 2.0 2.0 0.01 0.001 Star
50 20 0.5 2.0 2.0 0.01 0.001 Ring
50 20 0.5 2.0 2.0 0.01 0.01 Star
50 20 0.5 2.0 2.0 0.01 0.01 Ring
50 20 0.5 2.0 2.0 0.001 0.0 Star
50 20 0.5 2.0 2.0 0.001 0.0 Ring
50 20 0.5 2.0 2.0 0.001 0.001 Star
50 20 0.5 2.0 2.0 0.001 0.001 Ring
50 20 0.5 2.0 2.0 0.001 0.01 Star
50 20 0.5 2.0 2.0 0.001 0.01 Ring
50 20 0.5 2.0 3.0 0.1 0.0 Star
50 20 0.5 2.0 3.0 0.1 0.0 Ring
50 20 0.5 2.0 3.0 0.1 0.001 Star
50 20 0.5 2.0 3.0 0.1 0.001 Ring
50 20 0.5 2.0 3.0 0.1 0.01 Star
50 20 0.5 2.0 3.0 0.1 0.01 Ring
50 20 0.5 2.0 3.0 0.01 0.0 Star
50 20 0.5 2.0 3.0 0.01 0.0 Ring
50 20 0.5 2.0 3.0 0.01 0.001 Star
50 20 0.5 2.0 3.0 0.01 0.001 Ring
50 20 0.5 2.0 3.0 0.01 0.01 Star
50 20 0.5 2.0 3.0 0.01 0.01 Ring
50 20 0.5 2.0 3.0 0.001 0.0 Star
50 20 0.5 2.0 3.0 0.001 0.0 Ring
50 20 0.5 2.0 3.0 0.001 0.001 Star
50 20 0.5 2.0 3.0 0.001 0.001 Ring
50 20 0.5 2.0 3.0 0.001 0.01 Star
50 20 0.5 2.0 3.0 0.001 0.01 Ring
50 100 0.1 0.5 1.5 0.1 0.0 Star
50 100 0.1 0.5 1.5 0.1 0.0 Ring
50 100 0.1 0.5 1.5 0.1 0.001 Star
50 100 0.1 0.5 1.5 0.1 0.001 Ring
50 100 0.1 0.5 1.5 0.1 0.01 Star
50 100 0.1 0.5 1.5 0.1 0.01 Ring
50 100 0.1 0.5 1.5 0.01 0.0 Star
50 100 0.1 0.5 1.5 0.01 0.0 Ring
50 100 0.1 0.5 1.5 0.01 0.001 Star
50 100 0.1 0.5 1.5 0.01 0.001 Ring
50 100 0.1 0.5 1.5 0.01 0.01 Star
50 100 0.1 0.5 1.5 0.01 0.01 Ring
50 100 0.1 0.5 1.5 0.001 0.0 Star
50 100 0.1 0.5 1.5 0.001 0.0 Ring
50 100 0.1 0.5 1.5 0.001 0.001 Star
50 100 0.1 0.5 1.5 0.001 0.001 Ring
50 100 0.1 0.5 1.5 0.001 0.01 Star
50 100 0.1 0.5 1.5 0.001 0.01 Ring
50 100 0.1 0.5 2.0 0.1 0.0 Star
50 100 0.1 0.5 2.0 0.1 0.0 Ring
50 100 0.1 0.5 2.0 0.1 0.001 Star
50 100 0.1 0.5 2.0 0.1 0.001 Ring
50 100 0.1 0.5 2.0 0.1 0.01 Star
50 100 0.1 0.5 2.0 0.1 0.01 Ring
50 100 0.1 0.5 2.0 0.01 0.0 Star
50 100 0.1 0.5 2.0 0.01 0.0 Ring
50 100 0.1 0.5 2.0 0.01 0.001 Star
50 100 0.1 0.5 2.0 0.01 0.001 Ring
50 100 0.1 0.5 2.0 0.01 0.01 Star
50 100 0.1 0.5 2.0 0.01 0.01 Ring
50 100 0.1 0.5 2.0 0.001 0.0 Star
50 100 0.1 0.5 2.0 0.001 0.0 Ring
50 100 0.1 0.5 2.0 0.001 0.001 Star
50 100 0.1 0.5 2.0 0.001 0.001 Ring
50 100 0.1 0.5 2.0 0.001 0.01 Star
50 100 0.1 0.5 2.0 0.001 0.01 Ring
50 100 0.1 0.5 3.0 0.1 0.0 Star
50 100 0.1 0.5 3.0 0.1 0.0 Ring
50 100 0.1 0.5 3.0 0.1 0.001 Star
50 100 0.1 0.5 3.0 0.1 0.001 Ring
50 100 0.1 0.5 3.0 0.1 0.01 Star
50 100 0.1 0.5 3.0 0.1 0.01 Ring
50 100 0.1 0.5 3.0 0.01 0.0 Star
50 100 0.1 0.5 3.0 0.01 0.0 Ring
50 100 0.1 0.5 3.0 0.01 0.001 Star
50 100 0.1 0.5 3.0 0.01 0.001 Ring
50 100 0.1 0.5 3.0 0.01 0.01 Star
50 100 0.1 0.5 3.0 0.01 0.01 Ring
50 100 0.1 0.5 3.0 0.001 0.0 Star
50 100 0.1 0.5 3.0 0.001 0.0 Ring
50 100 0.1 0.5 3.0 0.001 0.001 Star
50 100 0.1 0.5 3.0 0.001 0.001 Ring
50 100 0.1 0.5 3.0 0.001 0.01 Star
50 100 0.1 0.5 3.0 0.001 0.01 Ring
50 100 0.1 1.5 1.5 0.1 0.0 Star
50 100 0.1 1.5 1.5 0.1 0.0 Ring
50 100 0.1 1.5 1.5 0.1 0.001 Star
50 100 0.1 1.5 1.5 0.1 0.001 Ring
50 100 0.1 1.5 1.5 0.1 0.01 Star
50 100 0.1 1.5 1.5 0.1 0.01 Ring
50 100 0.1 1.5 1.5 0.01 0.0 Star
50 100 0.1 1.5 1.5 0.01 0.0 Ring
50 100 0.1 1.5 1.5 0.01 0.001 Star
50 100 0.1 1.5 1.5 0.01 0.001 Ring
50 100 0.1 1.5 1.5 0.01 0.01 Star
50 100 0.1 1.5 1.5 0.01 0.01 Ring
50 100 0.1 1.5 1.5 0.001 0.0 Star
50 100 0.1 1.5 1.5 0.001 0.0 Ring
50 100 0.1 1.5 1.5 0.001 0.001 Star
50 100 0.1 1.5 1.5 0.001 0.001 Ring
50 100 0.1 1.5 1.5 0.001 0.01 Star
50 100 0.1 1.5 1.5 0.001 0.01 Ring
50 100 0.1 1.5 2.0 0.1 0.0 Star
50 100 0.1 1.5 2.0 0.1 0.0 Ring
50 100 0.1 1.5 2.0 0.1 0.001 Star
50 100 0.1 1.5 2.0 0.1 0.001 Ring
50 100 0.1 1.5 2.0 0.1 0.01 Star
50 100 0.1 1.5 2.0 0.1 0.01 Ring
50 100 0.1 1.5 2.0 0.01 0.0 Star
50 100 0.1 1.5 2.0 0.01 0.0 Ring
50 100 0.1 1.5 2.0 0.01 0.001 Star
50 100 0.1 1.5 2.0 0.01 0.001 Ring
50 100 0.1 1.5 2.0 0.01 0.01 Star
50 100 0.1 1.5 2.0 0.01 0.01 Ring
50 100 0.1 1.5 2.0 0.001 0.0 Star
50 100 0.1 1.5 2.0 0.001 0.0 Ring
50 100 0.1 1.5 2.0 0.001 0.001 Star
50 100 0.1 1.5 2.0 0.001 0.001 Ring
50 100 0.1 1.5 2.0 0.001 0.01 Star
50 100 0.1 1.5 2.0 0.001 0.01 Ring
50 100 0.1 1.5 3.0 0.1 0.0 Star
50 100 0.1 1.5 3.0 0.1 0.0 Ring
50 100 0.1 1.5 3.0 0.1 0.001 Star
50 100 0.1 1.5 3.0 0.1 0.001 Ring
50 100 0.1 1.5 3.0 0.1 0.01 Star
50 100 0.1 1.5 3.0 0.1 0.01 Ring
50 100 0.1 1.5 3.0 0.01 0.0 Star
50 100 0.1 1.5 3.0 0.01 0.0 Ring
50 100 0.1 1.5 3.0 0.01 0.001 Star
50 100 0.1 1.5 3.0 0.01 0.001 Ring
50 100 0.1 1.5 3.0 0.01 0.01 Star
50 100 0.1 1.5 3.0 0.01 0.01 Ring
50 100 0.1 1.5 3.0 0.001 0.0 Star
50 100 0.1 1.5 3.0 0.001 0.0 Ring
50 100 0.1 1.5 3.0 0.001 0.001 Star
50 100 0.1 1.5 3.0 0.001 0.001 Ring
50 100 0.1 1.5 3.0 0.001 0.01 Star
50 100 0.1 1.5 3.0 0.001 0.01 Ring
50 100 0.1 2.0 1.5 0.1 0.0 Star
50 100 0.1 2.0 1.5 0.1 0.0 Ring
50 100 0.1 2.0 1.5 0.1 0.001 Star
50 100 0.1 2.0 1.5 0.1 0.001 Ring
50 100 0.1 2.0 1.5 0.1 0.01 Star
50 100 0.1 2.0 1.5 0.1 0.01 Ring
50 100 0.1 2.0 1.5 0.01 0.0 Star
50 100 0.1 2.0 1.5 0.01 0.0 Ring
50 100 0.1 2.0 1.5 0.01 0.001 Star
50 100 0.1 2.0 1.5 0.01 0.001 Ring
50 100 0.1 2.0 1.5 0.01 0.01 Star
50 100 0.1 2.0 1.5 0.01 0.01 Ring
50 100 0.1 2.0 1.5 0.001 0.0 Star
50 100 0.1 2.0 1.5 0.001 0.0 Ring
50 100 0.1 2.0 1.5 0.001 0.001 Star
50 100 0.1 2.0 1.5 0.001 0.001 Ring
50 100 0.1 2.0 1.5 0.001 0.01 Star
50 100 0.1 2.0 1.5 0.001 0.01 Ring
50 100 0.1 2.0 2.0 0.1 0.0 Star
50 100 0.1 2.0 2.0 0.1 0.0 Ring
50 100 0.1 2.0 2.0 0.1 0.001 Star
50 100 0.1 2.0 2.0 0.1 0.001 Ring
50 100 0.1 2.0 2.0 0.1 0.01 Star
50 100 0.1 2.0 2.0 0.1 0.01 Ring
50 100 0.1 2.0 2.0 0.01 0.0 Star
50 100 0.1 2.0 2.0 0.01 0.0 Ring
50 100 0.1 2.0 2.0 0.01 0.001 Star
50 100 0.1 2.0 2.0 0.01 0.001 Ring
50 100 0.1 2.0 2.0 0.01 0.01 Star
50 100 0.1 2.0 2.0 0.01 0.01 Ring
50 100 0.1 2.0 2.0 0.001 0.0 Star
50 100 0.1 2.0 2.0 0.001 0.0 Ring
50 100 0.1 2.0 2.0 0.001 0.001 Star
50 100 0.1 2.0 2.0 0.001 0.001 Ring
50 100 0.1 2.0 2.0 0.001 0.01 Star
50 100 0.1 2.0 2.0 0.001 0.01 Ring
50 100 0.1 2.0 3.0 0.1 0.0 Star
50 100 0.1 2.0 3.0 0.1 0.0 Ring
50 100 0.1 2.0 3.0 0.1 0.001 Star
50 100 0.1 2.0 3.0 0.1 0.001 Ring
50 100 0.1 2.0 3.0 0.1 0.01 Star
50 100 0.1 2.0 3.0 0.1 0.01 Ring
50 100 0.1 2.0 3.0 0.01 0.0 Star
50 100 0.1 2.0 3.0 0.01 0.0 Ring
50 100 0.1 2.0 3.0 0.01 0.001 Star
50 100 0.1 2.0 3.0 0.01 0.001 Ring
50 100 0.1 2.0 3.0 0.01 0.01 Star
50 100 0.1 2.0 3.0 0.01 0.01 Ring
50 100 0.1 2.0 3.0 0.001 0.0 Star
50 100 0.1 2.0 3.0 0.001 0.0 Ring
50 100 0.1 2.0 3.0 0.001 0.001 Star
50 100 0.1 2.0 3.0 0.001 0.001 Ring
50 100 0.1 2.0 3.0 0.001 0.01 Star
50 100 0.1 2.0 3.0 0.001 0.01 Ring
50 100 0.3 0.5 1.5 0.1 0.0 Star
50 100 0.3 0.5 1.5 0.1 0.0 Ring
50 100 0.3 0.5 1.5 0.1 0.001 Star
50 100 0.3 0.5 1.5 0.1 0.001 Ring
50 100 0.3 0.5 1.5 0.1 0.01 Star
50 100 0.3 0.5 1.5 0.1 0.01 Ring
50 100 0.3 0.5 1.5 0.01 0.0 Star
50 100 0.3 0.5 1.5 0.01 0.0 Ring
50 100 0.3 0.5 1.5 0.01 0.001 Star
50 100 0.3 0.5 1.5 0.01 0.001 Ring
50 100 0.3 0.5 1.5 0.01 0.01 Star
50 100 0.3 0.5 1.5 0.01 0.01 Ring
50 100 0.3 0.5 1.5 0.001 0.0 Star
50 100 0.3 0.5 1.5 0.001 0.0 Ring
50 100 0.3 0.5 1.5 0.001 0.001 Star
50 100 0.3 0.5 1.5 0.001 0.001 Ring
50 100 0.3 0.5 1.5 0.001 0.01 Star
50 100 0.3 0.5 1.5 0.001 0.01 Ring
50 100 0.3 0.5 2.0 0.1 0.0 Star
50 100 0.3 0.5 2.0 0.1 0.0 Ring
50 100 0.3 0.5 2.0 0.1 0.001 Star
50 100 0.3 0.5 2.0 0.1 0.001 Ring
50 100 0.3 0.5 2.0 0.1 0.01 Star
50 100 0.3 0.5 2.0 0.1 0.01 Ring
50 100 0.3 0.5 2.0 0.01 0.0 Star
50 100 0.3 0.5 2.0 0.01 0.0 Ring
50 100 0.3 0.5 2.0 0.01 0.001 Star
50 100 0.3 0.5 2.0 0.01 0.001 Ring
50 100 0.3 0.5 2.0 0.01 0.01 Star
50 100 0.3 0.5 2.0 0.01 0.01 Ring
50 100 0.3 0.5 2.0 0.001 0.0 Star
50 100 0.3 0.5 2.0 0.001 0.0 Ring
50 100 0.3 0.5 2.0 0.001 0.001 Star
50 100 0.3 0.5 2.0 0.001 0.001 Ring
50 100 0.3 0.5 2.0 0.001 0.01 Star
50 100 0.3 0.5 2.0 0.001 0.01 Ring
50 100 0.3 0.5 3.0 0.1 0.0 Star
50 100 0.3 0.5 3.0 0.1 0.0 Ring
50 100 0.3 0.5 3.0 0.1 0.001 Star
50 100 0.3 0.5 3.0 0.1 0.001 Ring
50 100 0.3 0.5 3.0 0.1 0.01 Star
50 100 0.3 0.5 3.0 0.1 0.01 Ring
50 100 0.3 0.5 3.0 0.01 0.0 Star
50 100 0.3 0.5 3.0 0.01 0.0 Ring
50 100 0.3 0.5 3.0 0.01 0.001 Star
50 100 0.3 0.5 3.0 0.01 0.001 Ring
50 100 0.3 0.5 3.0 0.01 0.01 Star
50 100 0.3 0.5 3.0 0.01 0.01 Ring
50 100 0.3 0.5 3.0 0.001 0.0 Star
50 100 0.3 0.5 3.0 0.001 0.0 Ring
50 100 0.3 0.5 3.0 0.001 0.001 Star
50 100 0.3 0.5 3.0 0.001 0.001 Ring
50 100 0.3 0.5 3.0 0.001 0.01 Star
50 100 0.3 0.5 3.0 0.001 0.01 Ring
50 100 0.3 1.5 1.5 0.1 0.0 Star
50 100 0.3 1.5 1.5 0.1 0.0 Ring
50 100 0.3 1.5 1.5 0.1 0.001 Star
50 100 0.3 1.5 1.5 0.1 0.001 Ring
50 100 0.3 1.5 1.5 0.1 0.01 Star
50 100 0.3 1.5 1.5 0.1 0.01 Ring
50 100 0.3 1.5 1.5 0.01 0.0 Star
50 100 0.3 1.5 1.5 0.01 0.0 Ring
50 100 0.3 1.5 1.5 0.01 0.001 Star
50 100 0.3 1.5 1.5 0.01 0.001 Ring
50 100 0.3 1.5 1.5 0.01 0.01 Star
50 100 0.3 1.5 1.5 0.01 0.01 Ring
50 100 0.3 1.5 1.5 0.001 0.0 Star
50 100 0.3 1.5 1.5 0.001 0.0 Ring
50 100 0.3 1.5 1.5 0.001 0.001 Star
50 100 0.3 1.5 1.5 0.001 0.001 Ring
50 100 0.3 1.5 1.5 0.001 0.01 Star
50 100 0.3 1.5 1.5 0.001 0.01 Ring
50 100 0.3 1.5 2.0 0.1 0.0 Star
50 100 0.3 1.5 2.0 0.1 0.0 Ring
50 100 0.3 1.5 2.0 0.1 0.001 Star
50 100 0.3 1.5 2.0 0.1 0.001 Ring
50 100 0.3 1.5 2.0 0.1 0.01 Star
50 100 0.3 1.5 2.0 0.1 0.01 Ring
50 100 0.3 1.5 2.0 0.01 0.0 Star
50 100 0.3 1.5 2.0 0.01 0.0 Ring
50 100 0.3 1.5 2.0 0.01 0.001 Star
50 100 0.3 1.5 2.0 0.01 0.001 Ring
50 100 0.3 1.5 2.0 0.01 0.01 Star
50 100 0.3 1.5 2.0 0.01 0.01 Ring
50 100 0.3 1.5 2.0 0.001 0.0 Star
50 100 0.3 1.5 2.0 0.001 0.0 Ring
50 100 0.3 1.5 2.0 0.001 0.001 Star
50 100 0.3 1.5 2.0 0.001 0.001 Ring
50 100 0.3 1.5 2.0 0.001 0.01 Star
50 100 0.3 1.5 2.0 0.001 0.01 Ring
50 100 0.3 1.5 3.0 0.1 0.0 Star
50 100 0.3 1.5 3.0 0.1 0.0 Ring
50 100 0.3 1.5 3.0 0.1 0.001 Star
50 100 0.3 1.5 3.0 0.1 0.001 Ring
50 100 0.3 1.5 3.0 0.1 0.01 Star
50 100 0.3 1.5 3.0 0.1 0.01 Ring
50 100 0.3 1.5 3.0 0.01 0.0 Star
50 100 0.3 1.5 3.0 0.01 0.0 Ring
50 100 0.3 1.5 3.0 0.01 0.001 Star
50 100 0.3 1.5 3.0 0.01 0.001 Ring
50 100 0.3 1.5 3.0 0.01 0.01 Star
50 100 0.3 1.5 3.0 0.01 0.01 Ring
50 100 0.3 1.5 3.0 0.001 0.0 Star
50 100 0.3 1.5 3.0 0.001 0.0 Ring
50 100 0.3 1.5 3.0 0.001 0.001 Star
50 100 0.3 1.5 3.0 0.001 0.001 Ring
50 100 0.3 1.5 3.0 0.001 0.01 Star
50 100 0.3 1.5 3.0 0.001 0.01 Ring
50 100 0.3 2.0 1.5 0.1 0.0 Star
50 100 0.3 2.0 1.5 0.1 0.0 Ring
50 100 0.3 2.0 1.5 0.1 0.001 Star
50 100 0.3 2.0 1.5 0.1 0.001 Ring
50 100 0.3 2.0 1.5 0.1 0.01 Star
50 100 0.3 2.0 1.5 0.1 0.01 Ring
50 100 0.3 2.0 1.5 0.01 0.0 Star
50 100 0.3 2.0 1.5 0.01 0.0 Ring
50 100 0.3 2.0 1.5 0.01 0.001 Star
50 100 0.3 2.0 1.5 0.01 0.001 Ring
50 100 0.3 2.0 1.5 0.01 0.01 Star
50 100 0.3 2.0 1.5 0.01 0.01 Ring
50 100 0.3 2.0 1.5 0.001 0.0 Star
50 100 0.3 2.0 1.5 0.001 0.0 Ring
50 100 0.3 2.0 1.5 0.001 0.001 Star
50 100 0.3 2.0 1.5 0.001 0.001 Ring
50 100 0.3 2.0 1.5 0.001 0.01 Star
50 100 0.3 2.0 1.5 0.001 0.01 Ring
50 100 0.3 2.0 2.0 0.1 0.0 Star
50 100 0.3 2.0 2.0 0.1 0.0 Ring
50 100 0.3 2.0 2.0 0.1 0.001 Star
50 100 0.3 2.0 2.0 0.1 0.001 Ring
50 100 0.3 2.0 2.0 0.1 0.01 Star
50 100 0.3 2.0 2.0 0.1 0.01 Ring
50 100 0.3 2.0 2.0 0.01 0.0 Star
50 100 0.3 2.0 2.0 0.01 0.0 Ring
50 100 0.3 2.0 2.0 0.01 0.001 Star
50 100 0.3 2.0 2.0 0.01 0.001 Ring
50 100 0.3 2.0 2.0 0.01 0.01 Star
50 100 0.3 2.0 2.0 0.01 0.01 Ring
50 100 0.3 2.0 2.0 0.001 0.0 Star
50 100 0.3 2.0 2.0 0.001 0.0 Ring
50 100 0.3 2.0 2.0 0.001 0.001 Star
50 100 0.3 2.0 2.0 0.001 0.001 Ring
50 100 0.3 2.0 2.0 0.001 0.01 Star
50 100 0.3 2.0 2.0 0.001 0.01 Ring
50 100 0.3 2.0 3.0 0.1 0.0 Star
50 100 0.3 2.0 3.0 0.1 0.0 Ring
50 100 0.3 2.0 3.0 0.1 0.001 Star
50 100 0.3 2.0 3.0 0.1 0.001 Ring
50 100 0.3 2.0 3.0 0.1 0.01 Star
50 100 0.3 2.0 3.0 0.1 0.01 Ring
50 100 0.3 2.0 3.0 0.01 0.0 Star
50 100 0.3 2.0 3.0 0.01 0.0 Ring
50 100 0.3 2.0 3.0 0.01 0.001 Star
50 100 0.3 2.0 3.0 0.01 0.001 Ring
50 100 0.3 2.0 3.0 0.01 0.01 Star
50 100 0.3 2.0 3.0 0.01 0.01 Ring
50 100 0.3 2.0 3.0 0.001 0.0 Star
50 100 0.3 2.0 3.0 0.001 0.0 Ring
50 100 0.3 2.0 3.0 0.001 0.001 Star
50 100 0.3 2.0 3.0 0.001 0.001 Ring
50 100 0.3 2.0 3.0 0.001 0.01 Star
50 100 0.3 2.0 3.0 0.001 0.01 Ring
50 100 0.5 0.5 1.5 0.1 0.0 Star
50 100 0.5 0.5 1.5 0.1 0.0 Ring
50 100 0.5 0.5 1.5 0.1 0.001 Star
50 100 0.5 0.5 1.5 0.1 0.001 Ring
50 100 0.5 0.5 1.5 0.1 0.01 Star
50 100 0.5 0.5 1.5 0.1 0.01 Ring
50 100 0.5 0.5 1.5 0.01 0.0 Star
50 100 0.5 0.5 1.5 0.01 0.0 Ring
50 100 0.5 0.5 1.5 0.01 0.001 Star
50 100 0.5 0.5 1.5 0.01 0.001 Ring
50 100 0.5 0.5 1.5 0.01 0.01 Star
50 100 0.5 0.5 1.5 0.01 0.01 Ring
50 100 0.5 0.5 1.5 0.001 0.0 Star
50 100 0.5 0.5 1.5 0.001 0.0 Ring
50 100 0.5 0.5 1.5 0.001 0.001 Star
50 100 0.5 0.5 1.5 0.001 0.001 Ring
50 100 0.5 0.5 1.5 0.001 0.01 Star
50 100 0.5 0.5 1.5 0.001 0.01 Ring
50 100 0.5 0.5 2.0 0.1 0.0 Star
50 100 0.5 0.5 2.0 0.1 0.0 Ring
50 100 0.5 0.5 2.0 0.1 0.001 Star
50 100 0.5 0.5 2.0 0.1 0.001 Ring
50 100 0.5 0.5 2.0 0.1 0.01 Star
50 100 0.5 0.5 2.0 0.1 0.01 Ring
50 100 0.5 0.5 2.0 0.01 0.0 Star
50 100 0.5 0.5 2.0 0.01 0.0 Ring
50 100 0.5 0.5 2.0 0.01 0.001 Star
50 100 0.5 0.5 2.0 0.01 0.001 Ring
50 100 0.5 0.5 2.0 0.01 0.01 Star
50 100 0.5 0.5 2.0 0.01 0.01 Ring
50 100 0.5 0.5 2.0 0.001 0.0 Star
50 100 0.5 0.5 2.0 0.001 0.0 Ring
50 100 0.5 0.5 2.0 0.001 0.001 Star
50 100 0.5 0.5 2.0 0.001 0.001 Ring
50 100 0.5 0.5 2.0 0.001 0.01 Star
50 100 0.5 0.5 2.0 0.001 0.01 Ring
50 100 0.5 0.5 3.0 0.1 0.0 Star
50 100 0.5 0.5 3.0 0.1 0.0 Ring
50 100 0.5 0.5 3.0 0.1 0.001 Star
50 100 0.5 0.5 3.0 0.1 0.001 Ring
50 100 0.5 0.5 3.0 0.1 0.01 Star
50 100 0.5 0.5 3.0 0.1 0.01 Ring
50 100 0.5 0.5 3.0 0.01 0.0 Star
50 100 0.5 0.5 3.0 0.01 0.0 Ring
50 100 0.5 0.5 3.0 0.01 0.001 Star
50 100 0.5 0.5 3.0 0.01 0.001 Ring
50 100 0.5 0.5 3.0 0.01 0.01 Star
50 100 0.5 0.5 3.0 0.01 0.01 Ring
50 100 0.5 0.5 3.0 0.001 0.0 Star
50 100 0.5 0.5 3.0 0.001 0.0 Ring
50 100 0.5 0.5 3.0 0.001 0.001 Star
50 100 0.5 0.5 3.0 0.001 0.001 Ring
50 100 0.5 0.5 3.0 0.001 0.01 Star
50 100 0.5 0.5 3.0 0.001 0.01 Ring
50 100 0.5 1.5 1.5 0.1 0.0 Star
50 100 0.5 1.5 1.5 0.1 0.0 Ring
50 100 0.5 1.5 1.5 0.1 0.001 Star
50 100 0.5 1.5 1.5 0.1 0.001 Ring
50 100 0.5 1.5 1.5 0.1 0.01 Star
50 100 0.5 1.5 1.5 0.1 0.01 Ring
50 100 0.5 1.5 1.5 0.01 0.0 Star
50 100 0.5 1.5 1.5 0.01 0.0 Ring
50 100 0.5 1.5 1.5 0.01 0.001 Star
50 100 0.5 1.5 1.5 0.01 0.001 Ring
50 100 0.5 1.5 1.5 0.01 0.01 Star
50 100 0.5 1.5 1.5 0.01 0.01 Ring
50 100 0.5 1.5 1.5 0.001 0.0 Star
50 100 0.5 1.5 1.5 0.001 0.0 Ring
50 100 0.5 1.5 1.5 0.001 0.001 Star
50 100 0.5 1.5 1.5 0.001 0.001 Ring
50 100 0.5 1.5 1.5 0.001 0.01 Star
50 100 0.5 1.5 1.5 0.001 0.01 Ring
50 100 0.5 1.5 2.0 0.1 0.0 Star
50 100 0.5 1.5 2.0 0.1 0.0 Ring
50 100 0.5 1.5 2.0 0.1 0.001 Star
50 100 0.5 1.5 2.0 0.1 0.001 Ring
50 100 0.5 1.5 2.0 0.1 0.01 Star
50 100 0.5 1.5 2.0 0.1 0.01 Ring
50 100 0.5 1.5 2.0 0.01 0.0 Star
50 100 0.5 1.5 2.0 0.01 0.0 Ring
50 100 0.5 1.5 2.0 0.01 0.001 Star
50 100 0.5 1.5 2.0 0.01 0.001 Ring
50 100 0.5 1.5 2.0 0.01 0.01 Star
50 100 0.5 1.5 2.0 0.01 0.01 Ring
50 100 0.5 1.5 2.0 0.001 0.0 Star
50 100 0.5 1.5 2.0 0.001 0.0 Ring
50 100 0.5 1.5 2.0 0.001 0.001 Star
50 100 0.5 1.5 2.0 0.001 0.001 Ring
50 100 0.5 1.5 2.0 0.001 0.01 Star
50 100 0.5 1.5 2.0 0.001 0.01 Ring
50 100 0.5 1.5 3.0 0.1 0.0 Star
50 100 0.5 1.5 3.0 0.1 0.0 Ring
50 100 0.5 1.5 3.0 0.1 0.001 Star
50 100 0.5 1.5 3.0 0.1 0.001 Ring
50 100 0.5 1.5 3.0 0.1 0.01 Star
50 100 0.5 1.5 3.0 0.1 0.01 Ring
50 100 0.5 1.5 3.0 0.01 0.0 Star
50 100 0.5 1.5 3.0 0.01 0.0 Ring
50 100 0.5 1.5 3.0 0.01 0.001 Star
50 100 0.5 1.5 3.0 0.01 0.001 Ring
50 100 0.5 1.5 3.0 0.01 0.01 Star
50 100 0.5 1.5 3.0 0.01 0.01 Ring
50 100 0.5 1.5 3.0 0.001 0.0 Star
50 100 0.5 1.5 3.0 0.001 0.0 Ring
50 100 0.5 1.5 3.0 0.001 0.001 Star
50 100 0.5 1.5 3.0 0.001 0.001 Ring
50 100 0.5 1.5 3.0 0.001 0.01 Star
50 100 0.5 1.5 3.0 0.001 0.01 Ring
50 100 0.5 2.0 1.5 0.1 0.0 Star
50 100 0.5 2.0 1.5 0.1 0.0 Ring
50 100 0.5 2.0 1.5 0.1 0.001 Star
50 100 0.5 2.0 1.5 0.1 0.001 Ring
50 100 0.5 2.0 1.5 0.1 0.01 Star
50 100 0.5 2.0 1.5 0.1 0.01 Ring
50 100 0.5 2.0 1.5 0.01 0.0 Star
50 100 0.5 2.0 1.5 0.01 0.0 Ring
50 100 0.5 2.0 1.5 0.01 0.001 Star
50 100 0.5 2.0 1.5 0.01 0.001 Ring
50 100 0.5 2.0 1.5 0.01 0.01 Star
50 100 0.5 2.0 1.5 0.01 0.01 Ring
50 100 0.5 2.0 1.5 0.001 0.0 Star
50 100 0.5 2.0 1.5 0.001 0.0 Ring
50 100 0.5 2.0 1.5 0.001 0.001 Star
50 100 0.5 2.0 1.5 0.001 0.001 Ring
50 100 0.5 2.0 1.5 0.001 0.01 Star
50 100 0.5 2.0 1.5 0.001 0.01 Ring
50 100 0.5 2.0 2.0 0.1 0.0 Star
50 100 0.5 2.0 2.0 0.1 0.0 Ring
50 100 0.5 2.0 2.0 0.1 0.001 Star
50 100 0.5 2.0 2.0 0.1 0.001 Ring
50 100 0.5 2.0 2.0 0.1 0.01 Star
50 100 0.5 2.0 2.0 0.1 0.01 Ring
50 100 0.5 2.0 2.0 0.01 0.0 Star
50 100 0.5 2.0 2.0 0.01 0.0 Ring
50 100 0.5 2.0 2.0 0.01 0.001 Star
50 100 0.5 2.0 2.0 0.01 0.001 Ring
50 100 0.5 2.0 2.0 0.01 0.01 Star
50 100 0.5 2.0 2.0 0.01 0.01 Ring
50 100 0.5 2.0 2.0 0.001 0.0 Star
50 100 0.5 2.0 2.0 0.001 0.0 Ring
50 100 0.5 2.0 2.0 0.001 0.001 Star
50 100 0.5 2.0 2.0 0.001 0.001 Ring
50 100 0.5 2.0 2.0 0.001 0.01 Star
50 100 0.5 2.0 2.0 0.001 0.01 Ring
50 100 0.5 2.0 3.0 0.1 0.0 Star
50 100 0.5 2.0 3.0 0.1 0.0 Ring
50 100 0.5 2.0 3.0 0.1 0.001 Star
50 100 0.5 2.0 3.0 0.1 0.001 Ring
50 100 0.5 2.0 3.0 0.1 0.01 Star
50 100 0.5 2.0 3.0 0.1 0.01 Ring
50 100 0.5 2.0 3.0 0.01 0.0 Star
50 100 0.5 2.0 3.0 0.01 0.0 Ring
50 100 0.5 2.0 3.0 0.01 0.001 Star
50 100 0.5 2.0 3.0 0.01 0.001 Ring
50 100 0.5 2.0 3.0 0.01 0.01 Star
50 100 0.5 2.0 3.0 0.01 0.01 Ring
50 100 0.5 2.0 3.0 0.001 0.0 Star
50 100 0.5 2.0 3.0 0.001 0.0 Ring
50 100 0.5 2.0 3.0 0.001 0.001 Star
50 100 0.5 2.0 3.0 0.001 0.001 Ring
50 100 0.5 2.0 3.0 0.001 0.01 Star
50 100 0.5 2.0 3.0 0.001 0.01 Ring
50 200 0.1 0.5 1.5 0.1 0.0 Star
50 200 0.1 0.5 1.5 0.1 0.0 Ring
50 200 0.1 0.5 1.5 0.1 0.001 Star
50 200 0.1 0.5 1.5 0.1 0.001 Ring
50 200 0.1 0.5 1.5 0.1 0.01 Star
50 200 0.1 0.5 1.5 0.1 0.01 Ring
50 200 0.1 0.5 1.5 0.01 0.0 Star
50 200 0.1 0.5 1.5 0.01 0.0 Ring
50 200 0.1 0.5 1.5 0.01 0.001 Star
50 200 0.1 0.5 1.5 0.01 0.001 Ring
50 200 0.1 0.5 1.5 0.01 0.01 Star
50 200 0.1 0.5 1.5 0.01 0.01 Ring
50 200 0.1 0.5 1.5 0.001 0.0 Star
50 200 0.1 0.5 1.5 0.001 0.0 Ring
50 200 0.1 0.5 1.5 0.001 0.001 Star
50 200 0.1 0.5 1.5 0.001 0.001 Ring
50 200 0.1 0.5 1.5 0.001 0.01 Star
50 200 0.1 0.5 1.5 0.001 0.01 Ring
50 200 0.1 0.5 2.0 0.1 0.0 Star
50 200 0.1 0.5 2.0 0.1 0.0 Ring
50 200 0.1 0.5 2.0 0.1 0.001 Star
50 200 0.1 0.5 2.0 0.1 0.001 Ring
50 200 0.1 0.5 2.0 0.1 0.01 Star
50 200 0.1 0.5 2.0 0.1 0.01 Ring
50 200 0.1 0.5 2.0 0.01 0.0 Star
50 200 0.1 0.5 2.0 0.01 0.0 Ring
50 200 0.1 0.5 2.0 0.01 0.001 Star
50 200 0.1 0.5 2.0 0.01 0.001 Ring
50 200 0.1 0.5 2.0 0.01 0.01 Star
50 200 0.1 0.5 2.0 0.01 0.01 Ring
50 200 0.1 0.5 2.0 0.001 0.0 Star
50 200 0.1 0.5 2.0 0.001 0.0 Ring
50 200 0.1 0.5 2.0 0.001 0.001 Star
50 200 0.1 0.5 2.0 0.001 0.001 Ring
50 200 0.1 0.5 2.0 0.001 0.01 Star
50 200 0.1 0.5 2.0 0.001 0.01 Ring
50 200 0.1 0.5 3.0 0.1 0.0 Star
50 200 0.1 0.5 3.0 0.1 0.0 Ring
50 200 0.1 0.5 3.0 0.1 0.001 Star
50 200 0.1 0.5 3.0 0.1 0.001 Ring
50 200 0.1 0.5 3.0 0.1 0.01 Star
50 200 0.1 0.5 3.0 0.1 0.01 Ring
50 200 0.1 0.5 3.0 0.01 0.0 Star
50 200 0.1 0.5 3.0 0.01 0.0 Ring
50 200 0.1 0.5 3.0 0.01 0.001 Star
50 200 0.1 0.5 3.0 0.01 0.001 Ring
50 200 0.1 0.5 3.0 0.01 0.01 Star
50 200 0.1 0.5 3.0 0.01 0.01 Ring
50 200 0.1 0.5 3.0 0.001 0.0 Star
50 200 0.1 0.5 3.0 0.001 0.0 Ring
50 200 0.1 0.5 3.0 0.001 0.001 Star
50 200 0.1 0.5 3.0 0.001 0.001 Ring
50 200 0.1 0.5 3.0 0.001 0.01 Star
50 200 0.1 0.5 3.0 0.001 0.01 Ring
50 200 0.1 1.5 1.5 0.1 0.0 Star
50 200 0.1 1.5 1.5 0.1 0.0 Ring
50 200 0.1 1.5 1.5 0.1 0.001 Star
50 200 0.1 1.5 1.5 0.1 0.001 Ring
50 200 0.1 1.5 1.5 0.1 0.01 Star
50 200 0.1 1.5 1.5 0.1 0.01 Ring
50 200 0.1 1.5 1.5 0.01 0.0 Star
50 200 0.1 1.5 1.5 0.01 0.0 Ring
50 200 0.1 1.5 1.5 0.01 0.001 Star
50 200 0.1 1.5 1.5 0.01 0.001 Ring
50 200 0.1 1.5 1.5 0.01 0.01 Star
50 200 0.1 1.5 1.5 0.01 0.01 Ring
50 200 0.1 1.5 1.5 0.001 0.0 Star
50 200 0.1 1.5 1.5 0.001 0.0 Ring
50 200 0.1 1.5 1.5 0.001 0.001 Star
50 200 0.1 1.5 1.5 0.001 0.001 Ring
50 200 0.1 1.5 1.5 0.001 0.01 Star
50 200 0.1 1.5 1.5 0.001 0.01 Ring
50 200 0.1 1.5 2.0 0.1 0.0 Star
50 200 0.1 1.5 2.0 0.1 0.0 Ring
50 200 0.1 1.5 2.0 0.1 0.001 Star
50 200 0.1 1.5 2.0 0.1 0.001 Ring
50 200 0.1 1.5 2.0 0.1 0.01 Star
50 200 0.1 1.5 2.0 0.1 0.01 Ring
50 200 0.1 1.5 2.0 0.01 0.0 Star
50 200 0.1 1.5 2.0 0.01 0.0 Ring
50 200 0.1 1.5 2.0 0.01 0.001 Star
50 200 0.1 1.5 2.0 0.01 0.001 Ring
50 200 0.1 1.5 2.0 0.01 0.01 Star
50 200 0.1 1.5 2.0 0.01 0.01 Ring
50 200 0.1 1.5 2.0 0.001 0.0 Star
50 200 0.1 1.5 2.0 0.001 0.0 Ring
50 200 0.1 1.5 2.0 0.001 0.001 Star
50 200 0.1 1.5 2.0 0.001 0.001 Ring
50 200 0.1 1.5 2.0 0.001 0.01 Star
50 200 0.1 1.5 2.0 0.001 0.01 Ring
50 200 0.1 1.5 3.0 0.1 0.0 Star
50 200 0.1 1.5 3.0 0.1 0.0 Ring
50 200 0.1 1.5 3.0 0.1 0.001 Star
50 200 0.1 1.5 3.0 0.1 0.001 Ring
50 200 0.1 1.5 3.0 0.1 0.01 Star
50 200 0.1 1.5 3.0 0.1 0.01 Ring
50 200 0.1 1.5 3.0 0.01 0.0 Star
50 200 0.1 1.5 3.0 0.01 0.0 Ring
50 200 0.1 1.5 3.0 0.01 0.001 Star
50 200 0.1 1.5 3.0 0.01 0.001 Ring
50 200 0.1 1.5 3.0 0.01 0.01 Star
50 200 0.1 1.5 3.0 0.01 0.01 Ring
50 200 0.1 1.5 3.0 0.001 0.0 Star
50 200 0.1 1.5 3.0 0.001 0.0 Ring
50 200 0.1 1.5 3.0 0.001 0.001 Star
50 200 0.1 1.5 3.0 0.001 0.001 Ring
50 200 0.1 1.5 3.0 0.001 0.01 Star
50 200 0.1 1.5 3.0 0.001 0.01 Ring
50 200 0.1 2.0 1.5 0.1 0.0 Star
50 200 0.1 2.0 1.5 0.1 0.0 Ring
50 200 0.1 2.0 1.5 0.1 0.001 Star
50 200 0.1 2.0 1.5 0.1 0.001 Ring
50 200 0.1 2.0 1.5 0.1 0.01 Star
50 200 0.1 2.0 1.5 0.1 0.01 Ring
50 200 0.1 2.0 1.5 0.01 0.0 Star
50 200 0.1 2.0 1.5 0.01 0.0 Ring
50 200 0.1 2.0 1.5 0.01 0.001 Star
50 200 0.1 2.0 1.5 0.01 0.001 Ring
50 200 0.1 2.0 1.5 0.01 0.01 Star
50 200 0.1 2.0 1.5 0.01 0.01 Ring
50 200 0.1 2.0 1.5 0.001 0.0 Star
50 200 0.1 2.0 1.5 0.001 0.0 Ring
50 200 0.1 2.0 1.5 0.001 0.001 Star
50 200 0.1 2.0 1.5 0.001 0.001 Ring
50 200 0.1 2.0 1.5 0.001 0.01 Star
50 200 0.1 2.0 1.5 0.001 0.01 Ring
50 200 0.1 2.0 2.0 0.1 0.0 Star
50 200 0.1 2.0 2.0 0.1 0.0 Ring
50 200 0.1 2.0 2.0 0.1 0.001 Star
50 200 0.1 2.0 2.0 0.1 0.001 Ring
50 200 0.1 2.0 2.0 0.1 0.01 Star
50 200 0.1 2.0 2.0 0.1 0.01 Ring
50 200 0.1 2.0 2.0 0.01 0.0 Star
50 200 0.1 2.0 2.0 0.01 0.0 Ring
50 200 0.1 2.0 2.0 0.01 0.001 Star
50 200 0.1 2.0 2.0 0.01 0.001 Ring
50 200 0.1 2.0 2.0 0.01 0.01 Star
50 200 0.1 2.0 2.0 0.01 0.01 Ring
50 200 0.1 2.0 2.0 0.001 0.0 Star
50 200 0.1 2.0 2.0 0.001 0.0 Ring
50 200 0.1 2.0 2.0 0.001 0.001 Star
50 200 0.1 2.0 2.0 0.001 0.001 Ring
50 200 0.1 2.0 2.0 0.001 0.01 Star
50 200 0.1 2.0 2.0 0.001 0.01 Ring
50 200 0.1 2.0 3.0 0.1 0.0 Star
50 200 0.1 2.0 3.0 0.1 0.0 Ring
50 200 0.1 2.0 3.0 0.1 0.001 Star
50 200 0.1 2.0 3.0 0.1 0.001 Ring
50 200 0.1 2.0 3.0 0.1 0.01 Star
50 200 0.1 2.0 3.0 0.1 0.01 Ring
50 200 0.1 2.0 3.0 0.01 0.0 Star
50 200 0.1 2.0 3.0 0.01 0.0 Ring
50 200 0.1 2.0 3.0 0.01 0.001 Star
50 200 0.1 2.0 3.0 0.01 0.001 Ring
50 200 0.1 2.0 3.0 0.01 0.01 Star
50 200 0.1 2.0 3.0 0.01 0.01 Ring
50 200 0.1 2.0 3.0 0.001 0.0 Star
50 200 0.1 2.0 3.0 0.001 0.0 Ring
50 200 0.1 2.0 3.0 0.001 0.001 Star
50 200 0.1 2.0 3.0 0.001 0.001 Ring
50 200 0.1 2.0 3.0 0.001 0.01 Star
50 200 0.1 2.0 3.0 0.001 0.01 Ring
50 200 0.3 0.5 1.5 0.1 0.0 Star
50 200 0.3 0.5 1.5 0.1 0.0 Ring
50 200 0.3 0.5 1.5 0.1 0.001 Star
50 200 0.3 0.5 1.5 0.1 0.001 Ring
50 200 0.3 0.5 1.5 0.1 0.01 Star
50 200 0.3 0.5 1.5 0.1 0.01 Ring
50 200 0.3 0.5 1.5 0.01 0.0 Star
50 200 0.3 0.5 1.5 0.01 0.0 Ring
50 200 0.3 0.5 1.5 0.01 0.001 Star
50 200 0.3 0.5 1.5 0.01 0.001 Ring
50 200 0.3 0.5 1.5 0.01 0.01 Star
50 200 0.3 0.5 1.5 0.01 0.01 Ring
50 200 0.3 0.5 1.5 0.001 0.0 Star
50 200 0.3 0.5 1.5 0.001 0.0 Ring
50 200 0.3 0.5 1.5 0.001 0.001 Star
50 200 0.3 0.5 1.5 0.001 0.001 Ring
50 200 0.3 0.5 1.5 0.001 0.01 Star
50 200 0.3 0.5 1.5 0.001 0.01 Ring
50 200 0.3 0.5 2.0 0.1 0.0 Star
50 200 0.3 0.5 2.0 0.1 0.0 Ring
50 200 0.3 0.5 2.0 0.1 0.001 Star
50 200 0.3 0.5 2.0 0.1 0.001 Ring
50 200 0.3 0.5 2.0 0.1 0.01 Star
50 200 0.3 0.5 2.0 0.1 0.01 Ring
50 200 0.3 0.5 2.0 0.01 0.0 Star
50 200 0.3 0.5 2.0 0.01 0.0 Ring
50 200 0.3 0.5 2.0 0.01 0.001 Star
50 200 0.3 0.5 2.0 0.01 0.001 Ring
50 200 0.3 0.5 2.0 0.01 0.01 Star
50 200 0.3 0.5 2.0 0.01 0.01 Ring
50 200 0.3 0.5 2.0 0.001 0.0 Star
50 200 0.3 0.5 2.0 0.001 0.0 Ring
50 200 0.3 0.5 2.0 0.001 0.001 Star
50 200 0.3 0.5 2.0 0.001 0.001 Ring
50 200 0.3 0.5 2.0 0.001 0.01 Star
50 200 0.3 0.5 2.0 0.001 0.01 Ring
50 200 0.3 0.5 3.0 0.1 0.0 Star
50 200 0.3 0.5 3.0 0.1 0.0 Ring
50 200 0.3 0.5 3.0 0.1 0.001 Star
50 200 0.3 0.5 3.0 0.1 0.001 Ring
50 200 0.3 0.5 3.0 0.1 0.01 Star
50 200 0.3 0.5 3.0 0.1 0.01 Ring
50 200 0.3 0.5 3.0 0.01 0.0 Star
50 200 0.3 0.5 3.0 0.01 0.0 Ring
50 200 0.3 0.5 3.0 0.01 0.001 Star
50 200 0.3 0.5 3.0 0.01 0.001 Ring
50 200 0.3 0.5 3.0 0.01 0.01 Star
50 200 0.3 0.5 3.0 0.01 0.01 Ring
50 200 0.3 0.5 3.0 0.001 0.0 Star
50 200 0.3 0.5 3.0 0.001 0.0 Ring
50 200 0.3 0.5 3.0 0.001 0.001 Star
50 200 0.3 0.5 3.0 0.001 0.001 Ring
50 200 0.3 0.5 3.0 0.001 0.01 Star
50 200 0.3 0.5 3.0 0.001 0.01 Ring
50 200 0.3 1.5 1.5 0.1 0.0 Star
50 200 0.3 1.5 1.5 0.1 0.0 Ring
50 200 0.3 1.5 1.5 0.1 0.001 Star
50 200 0.3 1.5 1.5 0.1 0.001 Ring
50 200 0.3 1.5 1.5 0.1 0.01 Star
50 200 0.3 1.5 1.5 0.1 0.01 Ring
50 200 0.3 1.5 1.5 0.01 0.0 Star
50 200 0.3 1.5 1.5 0.01 0.0 Ring
50 200 0.3 1.5 1.5 0.01 0.001 Star
50 200 0.3 1.5 1.5 0.01 0.001 Ring
50 200 0.3 1.5 1.5 0.01 0.01 Star
50 200 0.3 1.5 1.5 0.01 0.01 Ring
50 200 0.3 1.5 1.5 0.001 0.0 Star
50 200 0.3 1.5 1.5 0.001 0.0 Ring
50 200 0.3 1.5 1.5 0.001 0.001 Star
50 200 0.3 1.5 1.5 0.001 0.001 Ring
50 200 0.3 1.5 1.5 0.001 0.01 Star
50 200 0.3 1.5 1.5 0.001 0.01 Ring
50 200 0.3 1.5 2.0 0.1 0.0 Star
50 200 0.3 1.5 2.0 0.1 0.0 Ring
50 200 0.3 1.5 2.0 0.1 0.001 Star
50 200 0.3 1.5 2.0 0.1 0.001 Ring
50 200 0.3 1.5 2.0 0.1 0.01 Star
50 200 0.3 1.5 2.0 0.1 0.01 Ring
50 200 0.3 1.5 2.0 0.01 0.0 Star
50 200 0.3 1.5 2.0 0.01 0.0 Ring
50 200 0.3 1.5 2.0 0.01 0.001 Star
50 200 0.3 1.5 2.0 0.01 0.001 Ring
50 200 0.3 1.5 2.0 0.01 0.01 Star
50 200 0.3 1.5 2.0 0.01 0.01 Ring
50 200 0.3 1.5 2.0 0.001 0.0 Star
50 200 0.3 1.5 2.0 0.001 0.0 Ring
50 200 0.3 1.5 2.0 0.001 0.001 Star
50 200 0.3 1.5 2.0 0.001 0.001 Ring
50 200 0.3 1.5 2.0 0.001 0.01 Star
50 200 0.3 1.5 2.0 0.001 0.01 Ring
50 200 0.3 1.5 3.0 0.1 0.0 Star
50 200 0.3 1.5 3.0 0.1 0.0 Ring
50 200 0.3 1.5 3.0 0.1 0.001 Star
50 200 0.3 1.5 3.0 0.1 0.001 Ring
50 200 0.3 1.5 3.0 0.1 0.01 Star
50 200 0.3 1.5 3.0 0.1 0.01 Ring
50 200 0.3 1.5 3.0 0.01 0.0 Star
50 200 0.3 1.5 3.0 0.01 0.0 Ring
50 200 0.3 1.5 3.0 0.01 0.001 Star
50 200 0.3 1.5 3.0 0.01 0.001 Ring
50 200 0.3 1.5 3.0 0.01 0.01 Star
50 200 0.3 1.5 3.0 0.01 0.01 Ring
50 200 0.3 1.5 3.0 0.001 0.0 Star
50 200 0.3 1.5 3.0 0.001 0.0 Ring
50 200 0.3 1.5 3.0 0.001 0.001 Star
50 200 0.3 1.5 3.0 0.001 0.001 Ring
50 200 0.3 1.5 3.0 0.001 0.01 Star
50 200 0.3 1.5 3.0 0.001 0.01 Ring
50 200 0.3 2.0 1.5 0.1 0.0 Star
50 200 0.3 2.0 1.5 0.1 0.0 Ring
50 200 0.3 2.0 1.5 0.1 0.001 Star
50 200 0.3 2.0 1.5 0.1 0.001 Ring
50 200 0.3 2.0 1.5 0.1 0.01 Star
50 200 0.3 2.0 1.5 0.1 0.01 Ring
50 200 0.3 2.0 1.5 0.01 0.0 Star
50 200 0.3 2.0 1.5 0.01 0.0 Ring
50 200 0.3 2.0 1.5 0.01 0.001 Star
50 200 0.3 2.0 1.5 0.01 0.001 Ring
50 200 0.3 2.0 1.5 0.01 0.01 Star
50 200 0.3 2.0 1.5 0.01 0.01 Ring
50 200 0.3 2.0 1.5 0.001 0.0 Star
50 200 0.3 2.0 1.5 0.001 0.0 Ring
50 200 0.3 2.0 1.5 0.001 0.001 Star
50 200 0.3 2.0 1.5 0.001 0.001 Ring
50 200 0.3 2.0 1.5 0.001 0.01 Star
50 200 0.3 2.0 1.5 0.001 0.01 Ring
50 200 0.3 2.0 2.0 0.1 0.0 Star
50 200 0.3 2.0 2.0 0.1 0.0 Ring
50 200 0.3 2.0 2.0 0.1 0.001 Star
50 200 0.3 2.0 2.0 0.1 0.001 Ring
50 200 0.3 2.0 2.0 0.1 0.01 Star
50 200 0.3 2.0 2.0 0.1 0.01 Ring
50 200 0.3 2.0 2.0 0.01 0.0 Star
50 200 0.3 2.0 2.0 0.01 0.0 Ring
50 200 0.3 2.0 2.0 0.01 0.001 Star
50 200 0.3 2.0 2.0 0.01 0.001 Ring
50 200 0.3 2.0 2.0 0.01 0.01 Star
50 200 0.3 2.0 2.0 0.01 0.01 Ring
50 200 0.3 2.0 2.0 0.001 0.0 Star
50 200 0.3 2.0 2.0 0.001 0.0 Ring
50 200 0.3 2.0 2.0 0.001 0.001 Star
50 200 0.3 2.0 2.0 0.001 0.001 Ring
50 200 0.3 2.0 2.0 0.001 0.01 Star
50 200 0.3 2.0 2.0 0.001 0.01 Ring
50 200 0.3 2.0 3.0 0.1 0.0 Star
50 200 0.3 2.0 3.0 0.1 0.0 Ring
50 200 0.3 2.0 3.0 0.1 0.001 Star
50 200 0.3 2.0 3.0 0.1 0.001 Ring
50 200 0.3 2.0 3.0 0.1 0.01 Star
50 200 0.3 2.0 3.0 0.1 0.01 Ring
50 200 0.3 2.0 3.0 0.01 0.0 Star
50 200 0.3 2.0 3.0 0.01 0.0 Ring
50 200 0.3 2.0 3.0 0.01 0.001 Star
50 200 0.3 2.0 3.0 0.01 0.001 Ring
50 200 0.3 2.0 3.0 0.01 0.01 Star
50 200 0.3 2.0 3.0 0.01 0.01 Ring
50 200 0.3 2.0 3.0 0.001 0.0 Star
50 200 0.3 2.0 3.0 0.001 0.0 Ring
50 200 0.3 2.0 3.0 0.001 0.001 Star
50 200 0.3 2.0 3.0 0.001 0.001 Ring
50 200 0.3 2.0 3.0 0.001 0.01 Star
50 200 0.3 2.0 3.0 0.001 0.01 Ring
50 200 0.5 0.5 1.5 0.1 0.0 Star
50 200 0.5 0.5 1.5 0.1 0.0 Ring
50 200 0.5 0.5 1.5 0.1 0.001 Star
50 200 0.5 0.5 1.5 0.1 0.001 Ring
50 200 0.5 0.5 1.5 0.1 0.01 Star
50 200 0.5 0.5 1.5 0.1 0.01 Ring
50 200 0.5 0.5 1.5 0.01 0.0 Star
50 200 0.5 0.5 1.5 0.01 0.0 Ring
50 200 0.5 0.5 1.5 0.01 0.001 Star
50 200 0.5 0.5 1.5 0.01 0.001 Ring
50 200 0.5 0.5 1.5 0.01 0.01 Star
50 200 0.5 0.5 1.5 0.01 0.01 Ring
50 200 0.5 0.5 1.5 0.001 0.0 Star
50 200 0.5 0.5 1.5 0.001 0.0 Ring
50 200 0.5 0.5 1.5 0.001 0.001 Star
50 200 0.5 0.5 1.5 0.001 0.001 Ring
50 200 0.5 0.5 1.5 0.001 0.01 Star
50 200 0.5 0.5 1.5 0.001 0.01 Ring
50 200 0.5 0.5 2.0 0.1 0.0 Star
50 200 0.5 0.5 2.0 0.1 0.0 Ring
50 200 0.5 0.5 2.0 0.1 0.001 Star
50 200 0.5 0.5 2.0 0.1 0.001 Ring
50 200 0.5 0.5 2.0 0.1 0.01 Star
50 200 0.5 0.5 2.0 0.1 0.01 Ring
50 200 0.5 0.5 2.0 0.01 0.0 Star
50 200 0.5 0.5 2.0 0.01 0.0 Ring
50 200 0.5 0.5 2.0 0.01 0.001 Star
50 200 0.5 0.5 2.0 0.01 0.001 Ring
50 200 0.5 0.5 2.0 0.01 0.01 Star
50 200 0.5 0.5 2.0 0.01 0.01 Ring
50 200 0.5 0.5 2.0 0.001 0.0 Star
50 200 0.5 0.5 2.0 0.001 0.0 Ring
50 200 0.5 0.5 2.0 0.001 0.001 Star
50 200 0.5 0.5 2.0 0.001 0.001 Ring
50 200 0.5 0.5 2.0 0.001 0.01 Star
50 200 0.5 0.5 2.0 0.001 0.01 Ring
50 200 0.5 0.5 3.0 0.1 0.0 Star
50 200 0.5 0.5 3.0 0.1 0.0 Ring
50 200 0.5 0.5 3.0 0.1 0.001 Star
50 200 0.5 0.5 3.0 0.1 0.001 Ring
50 200 0.5 0.5 3.0 0.1 0.01 Star
50 200 0.5 0.5 3.0 0.1 0.01 Ring
50 200 0.5 0.5 3.0 0.01 0.0 Star
50 200 0.5 0.5 3.0 0.01 0.0 Ring
50 200 0.5 0.5 3.0 0.01 0.001 Star
50 200 0.5 0.5 3.0 0.01 0.001 Ring
50 200 0.5 0.5 3.0 0.01 0.01 Star
50 200 0.5 0.5 3.0 0.01 0.01 Ring
50 200 0.5 0.5 3.0 0.001 0.0 Star
50 200 0.5 0.5 3.0 0.001 0.0 Ring
50 200 0.5 0.5 3.0 0.001 0.001 Star
50 200 0.5 0.5 3.0 0.001 0.001 Ring
50 200 0.5 0.5 3.0 0.001 0.01 Star
50 200 0.5 0.5 3.0 0.001 0.01 Ring
50 200 0.5 1.5 1.5 0.1 0.0 Star
50 200 0.5 1.5 1.5 0.1 0.0 Ring
50 200 0.5 1.5 1.5 0.1 0.001 Star
50 200 0.5 1.5 1.5 0.1 0.001 Ring
50 200 0.5 1.5 1.5 0.1 0.01 Star
50 200 0.5 1.5 1.5 0.1 0.01 Ring
50 200 0.5 1.5 1.5 0.01 0.0 Star
50 200 0.5 1.5 1.5 0.01 0.0 Ring
50 200 0.5 1.5 1.5 0.01 0.001 Star
50 200 0.5 1.5 1.5 0.01 0.001 Ring
50 200 0.5 1.5 1.5 0.01 0.01 Star
50 200 0.5 1.5 1.5 0.01 0.01 Ring
50 200 0.5 1.5 1.5 0.001 0.0 Star
50 200 0.5 1.5 1.5 0.001 0.0 Ring
50 200 0.5 1.5 1.5 0.001 0.001 Star
50 200 0.5 1.5 1.5 0.001 0.001 Ring
50 200 0.5 1.5 1.5 0.001 0.01 Star
50 200 0.5 1.5 1.5 0.001 0.01 Ring
50 200 0.5 1.5 2.0 0.1 0.0 Star
50 200 0.5 1.5 2.0 0.1 0.0 Ring
50 200 0.5 1.5 2.0 0.1 0.001 Star
50 200 0.5 1.5 2.0 0.1 0.001 Ring
50 200 0.5 1.5 2.0 0.1 0.01 Star
50 200 0.5 1.5 2.0 0.1 0.01 Ring
50 200 0.5 1.5 2.0 0.01 0.0 Star
50 200 0.5 1.5 2.0 0.01 0.0 Ring
50 200 0.5 1.5 2.0 0.01 0.001 Star
50 200 0.5 1.5 2.0 0.01 0.001 Ring
50 200 0.5 1.5 2.0 0.01 0.01 Star
50 200 0.5 1.5 2.0 0.01 0.01 Ring
50 200 0.5 1.5 2.0 0.001 0.0 Star
50 200 0.5 1.5 2.0 0.001 0.0 Ring
50 200 0.5 1.5 2.0 0.001 0.001 Star
50 200 0.5 1.5 2.0 0.001 0.001 Ring
50 200 0.5 1.5 2.0 0.001 0.01 Star
50 200 0.5 1.5 2.0 0.001 0.01 Ring
50 200 0.5 1.5 3.0 0.1 0.0 Star
50 200 0.5 1.5 3.0 0.1 0.0 Ring
50 200 0.5 1.5 3.0 0.1 0.001 Star
50 200 0.5 1.5 3.0 0.1 0.001 Ring
50 200 0.5 1.5 3.0 0.1 0.01 Star
50 200 0.5 1.5 3.0 0.1 0.01 Ring
50 200 0.5 1.5 3.0 0.01 0.0 Star
50 200 0.5 1.5 3.0 0.01 0.0 Ring
50 200 0.5 1.5 3.0 0.01 0.001 Star
50 200 0.5 1.5 3.0 0.01 0.001 Ring
50 200 0.5 1.5 3.0 0.01 0.01 Star
50 200 0.5 1.5 3.0 0.01 0.01 Ring
50 200 0.5 1.5 3.0 0.001 0.0 Star
50 200 0.5 1.5 3.0 0.001 0.0 Ring
50 200 0.5 1.5 3.0 0.001 0.001 Star
50 200 0.5 1.5 3.0 0.001 0.001 Ring
50 200 0.5 1.5 3.0 0.001 0.01 Star
50 200 0.5 1.5 3.0 0.001 0.01 Ring
50 200 0.5 2.0 1.5 0.1 0.0 Star
50 200 0.5 2.0 1.5 0.1 0.0 Ring
50 200 0.5 2.0 1.5 0.1 0.001 Star
50 200 0.5 2.0 1.5 0.1 0.001 Ring
50 200 0.5 2.0 1.5 0.1 0.01 Star
50 200 0.5 2.0 1.5 0.1 0.01 Ring
50 200 0.5 2.0 1.5 0.01 0.0 Star
50 200 0.5 2.0 1.5 0.01 0.0 Ring
50 200 0.5 2.0 1.5 0.01 0.001 Star
50 200 0.5 2.0 1.5 0.01 0.001 Ring
50 200 0.5 2.0 1.5 0.01 0.01 Star
50 200 0.5 2.0 1.5 0.01 0.01 Ring
50 200 0.5 2.0 1.5 0.001 0.0 Star
50 200 0.5 2.0 1.5 0.001 0.0 Ring
50 200 0.5 2.0 1.5 0.001 0.001 Star
50 200 0.5 2.0 1.5 0.001 0.001 Ring
50 200 0.5 2.0 1.5 0.001 0.01 Star
50 200 0.5 2.0 1.5 0.001 0.01 Ring
50 200 0.5 2.0 2.0 0.1 0.0 Star
50 200 0.5 2.0 2.0 0.1 0.0 Ring
50 200 0.5 2.0 2.0 0.1 0.001 Star
50 200 0.5 2.0 2.0 0.1 0.001 Ring
50 200 0.5 2.0 2.0 0.1 0.01 Star
50 200 0.5 2.0 2.0 0.1 0.01 Ring
50 200 0.5 2.0 2.0 0.01 0.0 Star
50 200 0.5 2.0 2.0 0.01 0.0 Ring
50 200 0.5 2.0 2.0 0.01 0.001 Star
50 200 0.5 2.0 2.0 0.01 0.001 Ring
50 200 0.5 2.0 2.0 0.01 0.01 Star
50 200 0.5 2.0 2.0 0.01 0.01 Ring
50 200 0.5 2.0 2.0 0.001 0.0 Star
50 200 0.5 2.0 2.0 0.001 0.0 Ring
50 200 0.5 2.0 2.0 0.001 0.001 Star
50 200 0.5 2.0 2.0 0.001 0.001 Ring
50 200 0.5 2.0 2.0 0.001 0.01 Star
50 200 0.5 2.0 2.0 0.001 0.01 Ring
50 200 0.5 2.0 3.0 0.1 0.0 Star
50 200 0.5 2.0 3.0 0.1 0.0 Ring
50 200 0.5 2.0 3.0 0.1 0.001 Star
50 200 0.5 2.0 3.0 0.1 0.001 Ring
50 200 0.5 2.0 3.0 0.1 0.01 Star
50 200 0.5 2.0 3.0 0.1 0.01 Ring
50 200 0.5 2.0 3.0 0.01 0.0 Star
50 200 0.5 2.0 3.0 0.01 0.0 Ring
50 200 0.5 2.0 3.0 0.01 0.001 Star
50 200 0.5 2.0 3.0 0.01 0.001 Ring
50 200 0.5 2.0 3.0 0.01 0.01 Star
50 200 0.5 2.0 3.0 0.01 0.01 Ring
50 200 0.5 2.0 3.0 0.001 0.0 Star
50 200 0.5 2.0 3.0 0.001 0.0 Ring
50 200 0.5 2.0 3.0 0.001 0.001 Star
50 200 0.5 2.0 3.0 0.001 0.001 Ring
50 200 0.5 2.0 3.0 0.001 0.01 Star
50 200 0.5 2.0 3.0 0.001 0.01 Ring
50 1000 0.1 0.5 1.5 0.1 0.0 Star
50 1000 0.1 0.5 1.5 0.1 0.0 Ring
50 1000 0.1 0.5 1.5 0.1 0.001 Star
50 1000 0.1 0.5 1.5 0.1 0.001 Ring
50 1000 0.1 0.5 1.5 0.1 0.01 Star
50 1000 0.1 0.5 1.5 0.1 0.01 Ring
50 1000 0.1 0.5 1.5 0.01 0.0 Star
50 1000 0.1 0.5 1.5 0.01 0.0 Ring
50 1000 0.1 0.5 1.5 0.01 0.001 Star
50 1000 0.1 0.5 1.5 0.01 0.001 Ring
50 1000 0.1 0.5 1.5 0.01 0.01 Star
50 1000 0.1 0.5 1.5 0.01 0.01 Ring
50 1000 0.1 0.5 1.5 0.001 0.0 Star
50 1000 0.1 0.5 1.5 0.001 0.0 Ring
50 1000 0.1 0.5 1.5 0.001 0.001 Star
50 1000 0.1 0.5 1.5 0.001 0.001 Ring
50 1000 0.1 0.5 1.5 0.001 0.01 Star
50 1000 0.1 0.5 1.5 0.001 0.01 Ring
50 1000 0.1 0.5 2.0 0.1 0.0 Star
50 1000 0.1 0.5 2.0 0.1 0.0 Ring
50 1000 0.1 0.5 2.0 0.1 0.001 Star
50 1000 0.1 0.5 2.0 0.1 0.001 Ring
50 1000 0.1 0.5 2.0 0.1 0.01 Star
50 1000 0.1 0.5 2.0 0.1 0.01 Ring
50 1000 0.1 0.5 2.0 0.01 0.0 Star
50 1000 0.1 0.5 2.0 0.01 0.0 Ring
50 1000 0.1 0.5 2.0 0.01 0.001 Star
50 1000 0.1 0.5 2.0 0.01 0.001 Ring
50 1000 0.1 0.5 2.0 0.01 0.01 Star
50 1000 0.1 0.5 2.0 0.01 0.01 Ring
50 1000 0.1 0.5 2.0 0.001 0.0 Star
50 1000 0.1 0.5 2.0 0.001 0.0 Ring
50 1000 0.1 0.5 2.0 0.001 0.001 Star
50 1000 0.1 0.5 2.0 0.001 0.001 Ring
50 1000 0.1 0.5 2.0 0.001 0.01 Star
50 1000 0.1 0.5 2.0 0.001 0.01 Ring
50 1000 0.1 0.5 3.0 0.1 0.0 Star
50 1000 0.1 0.5 3.0 0.1 0.0 Ring
50 1000 0.1 0.5 3.0 0.1 0.001 Star
50 1000 0.1 0.5 3.0 0.1 0.001 Ring
50 1000 0.1 0.5 3.0 0.1 0.01 Star
50 1000 0.1 0.5 3.0 0.1 0.01 Ring
50 1000 0.1 0.5 3.0 0.01 0.0 Star
50 1000 0.1 0.5 3.0 0.01 0.0 Ring
50 1000 0.1 0.5 3.0 0.01 0.001 Star
50 1000 0.1 0.5 3.0 0.01 0.001 Ring
50 1000 0.1 0.5 3.0 0.01 0.01 Star
50 1000 0.1 0.5 3.0 0.01 0.01 Ring
50 1000 0.1 0.5 3.0 0.001 0.0 Star
50 1000 0.1 0.5 3.0 0.001 0.0 Ring
50 1000 0.1 0.5 3.0 0.001 0.001 Star
50 1000 0.1 0.5 3.0 0.001 0.001 Ring
50 1000 0.1 0.5 3.0 0.001 0.01 Star
50 1000 0.1 0.5 3.0 0.001 0.01 Ring
50 1000 0.1 1.5 1.5 0.1 0.0 Star
50 1000 0.1 1.5 1.5 0.1 0.0 Ring
50 1000 0.1 1.5 1.5 0.1 0.001 Star
50 1000 0.1 1.5 1.5 0.1 0.001 Ring
50 1000 0.1 1.5 1.5 0.1 0.01 Star
50 1000 0.1 1.5 1.5 0.1 0.01 Ring
50 1000 0.1 1.5 1.5 0.01 0.0 Star
50 1000 0.1 1.5 1.5 0.01 0.0 Ring
50 1000 0.1 1.5 1.5 0.01 0.001 Star
50 1000 0.1 1.5 1.5 0.01 0.001 Ring
50 1000 0.1 1.5 1.5 0.01 0.01 Star
50 1000 0.1 1.5 1.5 0.01 0.01 Ring
50 1000 0.1 1.5 1.5 0.001 0.0 Star
50 1000 0.1 1.5 1.5 0.001 0.0 Ring
50 1000 0.1 1.5 1.5 0.001 0.001 Star
50 1000 0.1 1.5 1.5 0.001 0.001 Ring
50 1000 0.1 1.5 1.5 0.001 0.01 Star
50 1000 0.1 1.5 1.5 0.001 0.01 Ring
50 1000 0.1 1.5 2.0 0.1 0.0 Star
50 1000 0.1 1.5 2.0 0.1 0.0 Ring
50 1000 0.1 1.5 2.0 0.1 0.001 Star
50 1000 0.1 1.5 2.0 0.1 0.001 Ring
50 1000 0.1 1.5 2.0 0.1 0.01 Star
50 1000 0.1 1.5 2.0 0.1 0.01 Ring
50 1000 0.1 1.5 2.0 0.01 0.0 Star
50 1000 0.1 1.5 2.0 0.01 0.0 Ring
50 1000 0.1 1.5 2.0 0.01 0.001 Star
50 1000 0.1 1.5 2.0 0.01 0.001 Ring
50 1000 0.1 1.5 2.0 0.01 0.01 Star
50 1000 0.1 1.5 2.0 0.01 0.01 Ring
50 1000 0.1 1.5 2.0 0.001 0.0 Star
50 1000 0.1 1.5 2.0 0.001 0.0 Ring
50 1000 0.1 1.5 2.0 0.001 0.001 Star
50 1000 0.1 1.5 2.0 0.001 0.001 Ring
50 1000 0.1 1.5 2.0 0.001 0.01 Star
50 1000 0.1 1.5 2.0 0.001 0.01 Ring
50 1000 0.1 1.5 3.0 0.1 0.0 Star
50 1000 0.1 1.5 3.0 0.1 0.0 Ring
50 1000 0.1 1.5 3.0 0.1 0.001 Star
50 1000 0.1 1.5 3.0 0.1 0.001 Ring
50 1000 0.1 1.5 3.0 0.1 0.01 Star
50 1000 0.1 1.5 3.0 0.1 0.01 Ring
50 1000 0.1 1.5 3.0 0.01 0.0 Star
50 1000 0.1 1.5 3.0 0.01 0.0 Ring
50 1000 0.1 1.5 3.0 0.01 0.001 Star
50 1000 0.1 1.5 3.0 0.01 0.001 Ring
50 1000 0.1 1.5 3.0 0.01 0.01 Star
50 1000 0.1 1.5 3.0 0.01 0.01 Ring
50 1000 0.1 1.5 3.0 0.001 0.0 Star
50 1000 0.1 1.5 3.0 0.001 0.0 Ring
50 1000 0.1 1.5 3.0 0.001 0.001 Star
50 1000 0.1 1.5 3.0 0.001 0.001 Ring
50 1000 0.1 1.5 3.0 0.001 0.01 Star
50 1000 0.1 1.5 3.0 0.001 0.01 Ring
50 1000 0.1 2.0 1.5 0.1 0.0 Star
50 1000 0.1 2.0 1.5 0.1 0.0 Ring
50 1000 0.1 2.0 1.5 0.1 0.001 Star
50 1000 0.1 2.0 1.5 0.1 0.001 Ring
50 1000 0.1 2.0 1.5 0.1 0.01 Star
50 1000 0.1 2.0 1.5 0.1 0.01 Ring
50 1000 0.1 2.0 1.5 0.01 0.0 Star
50 1000 0.1 2.0 1.5 0.01 0.0 Ring
50 1000 0.1 2.0 1.5 0.01 0.001 Star
50 1000 0.1 2.0 1.5 0.01 0.001 Ring
50 1000 0.1 2.0 1.5 0.01 0.01 Star
50 1000 0.1 2.0 1.5 0.01 0.01 Ring
50 1000 0.1 2.0 1.5 0.001 0.0 Star
50 1000 0.1 2.0 1.5 0.001 0.0 Ring
50 1000 0.1 2.0 1.5 0.001 0.001 Star
50 1000 0.1 2.0 1.5 0.001 0.001 Ring
50 1000 0.1 2.0 1.5 0.001 0.01 Star
50 1000 0.1 2.0 1.5 0.001 0.01 Ring
50 1000 0.1 2.0 2.0 0.1 0.0 Star
50 1000 0.1 2.0 2.0 0.1 0.0 Ring
50 1000 0.1 2.0 2.0 0.1 0.001 Star
50 1000 0.1 2.0 2.0 0.1 0.001 Ring
50 1000 0.1 2.0 2.0 0.1 0.01 Star
50 1000 0.1 2.0 2.0 0.1 0.01 Ring
50 1000 0.1 2.0 2.0 0.01 0.0 Star
50 1000 0.1 2.0 2.0 0.01 0.0 Ring
50 1000 0.1 2.0 2.0 0.01 0.001 Star
50 1000 0.1 2.0 2.0 0.01 0.001 Ring
50 1000 0.1 2.0 2.0 0.01 0.01 Star
50 1000 0.1 2.0 2.0 0.01 0.01 Ring
50 1000 0.1 2.0 2.0 0.001 0.0 Star
50 1000 0.1 2.0 2.0 0.001 0.0 Ring
50 1000 0.1 2.0 2.0 0.001 0.001 Star
50 1000 0.1 2.0 2.0 0.001 0.001 Ring
50 1000 0.1 2.0 2.0 0.001 0.01 Star
50 1000 0.1 2.0 2.0 0.001 0.01 Ring
50 1000 0.1 2.0 3.0 0.1 0.0 Star
50 1000 0.1 2.0 3.0 0.1 0.0 Ring
50 1000 0.1 2.0 3.0 0.1 0.001 Star
50 1000 0.1 2.0 3.0 0.1 0.001 Ring
50 1000 0.1 2.0 3.0 0.1 0.01 Star
50 1000 0.1 2.0 3.0 0.1 0.01 Ring
50 1000 0.1 2.0 3.0 0.01 0.0 Star
50 1000 0.1 2.0 3.0 0.01 0.0 Ring
50 1000 0.1 2.0 3.0 0.01 0.001 Star
50 1000 0.1 2.0 3.0 0.01 0.001 Ring
50 1000 0.1 2.0 3.0 0.01 0.01 Star
50 1000 0.1 2.0 3.0 0.01 0.01 Ring
50 1000 0.1 2.0 3.0 0.001 0.0 Star
50 1000 0.1 2.0 3.0 0.001 0.0 Ring
50 1000 0.1 2.0 3.0 0.001 0.001 Star
50 1000 0.1 2.0 3.0 0.001 0.001 Ring
50 1000 0.1 2.0 3.0 0.001 0.01 Star
50 1000 0.1 2.0 3.0 0.001 0.01 Ring
50 1000 0.3 0.5 1.5 0.1 0.0 Star
50 1000 0.3 0.5 1.5 0.1 0.0 Ring
50 1000 0.3 0.5 1.5 0.1 0.001 Star
50 1000 0.3 0.5 1.5 0.1 0.001 Ring
50 1000 0.3 0.5 1.5 0.1 0.01 Star
50 1000 0.3 0.5 1.5 0.1 0.01 Ring
50 1000 0.3 0.5 1.5 0.01 0.0 Star
50 1000 0.3 0.5 1.5 0.01 0.0 Ring
50 1000 0.3 0.5 1.5 0.01 0.001 Star
50 1000 0.3 0.5 1.5 0.01 0.001 Ring
50 1000 0.3 0.5 1.5 0.01 0.01 Star
50 1000 0.3 0.5 1.5 0.01 0.01 Ring
50 1000 0.3 0.5 1.5 0.001 0.0 Star
50 1000 0.3 0.5 1.5 0.001 0.0 Ring
50 1000 0.3 0.5 1.5 0.001 0.001 Star
50 1000 0.3 0.5 1.5 0.001 0.001 Ring
50 1000 0.3 0.5 1.5 0.001 0.01 Star
50 1000 0.3 0.5 1.5 0.001 0.01 Ring
50 1000 0.3 0.5 2.0 0.1 0.0 Star
50 1000 0.3 0.5 2.0 0.1 0.0 Ring
50 1000 0.3 0.5 2.0 0.1 0.001 Star
50 1000 0.3 0.5 2.0 0.1 0.001 Ring
50 1000 0.3 0.5 2.0 0.1 0.01 Star
50 1000 0.3 0.5 2.0 0.1 0.01 Ring
50 1000 0.3 0.5 2.0 0.01 0.0 Star
50 1000 0.3 0.5 2.0 0.01 0.0 Ring
50 1000 0.3 0.5 2.0 0.01 0.001 Star
50 1000 0.3 0.5 2.0 0.01 0.001 Ring
50 1000 0.3 0.5 2.0 0.01 0.01 Star
50 1000 0.3 0.5 2.0 0.01 0.01 Ring
50 1000 0.3 0.5 2.0 0.001 0.0 Star
50 1000 0.3 0.5 2.0 0.001 0.0 Ring
50 1000 0.3 0.5 2.0 0.001 0.001 Star
50 1000 0.3 0.5 2.0 0.001 0.001 Ring
50 1000 0.3 0.5 2.0 0.001 0.01 Star
50 1000 0.3 0.5 2.0 0.001 0.01 Ring
50 1000 0.3 0.5 3.0 0.1 0.0 Star
50 1000 0.3 0.5 3.0 0.1 0.0 Ring
50 1000 0.3 0.5 3.0 0.1 0.001 Star
50 1000 0.3 0.5 3.0 0.1 0.001 Ring
50 1000 0.3 0.5 3.0 0.1 0.01 Star
50 1000 0.3 0.5 3.0 0.1 0.01 Ring
50 1000 0.3 0.5 3.0 0.01 0.0 Star
50 1000 0.3 0.5 3.0 0.01 0.0 Ring
50 1000 0.3 0.5 3.0 0.01 0.001 Star
50 1000 0.3 0.5 3.0 0.01 0.001 Ring
50 1000 0.3 0.5 3.0 0.01 0.01 Star
50 1000 0.3 0.5 3.0 0.01 0.01 Ring
50 1000 0.3 0.5 3.0 0.001 0.0 Star
50 1000 0.3 0.5 3.0 0.001 0.0 Ring
50 1000 0.3 0.5 3.0 0.001 0.001 Star
50 1000 0.3 0.5 3.0 0.001 0.001 Ring
50 1000 0.3 0.5 3.0 0.001 0.01 Star
50 1000 0.3 0.5 3.0 0.001 0.01 Ring
50 1000 0.3 1.5 1.5 0.1 0.0 Star
50 1000 0.3 1.5 1.5 0.1 0.0 Ring
50 1000 0.3 1.5 1.5 0.1 0.001 Star
50 1000 0.3 1.5 1.5 0.1 0.001 Ring
50 1000 0.3 1.5 1.5 0.1 0.01 Star
50 1000 0.3 1.5 1.5 0.1 0.01 Ring
50 1000 0.3 1.5 1.5 0.01 0.0 Star
50 1000 0.3 1.5 1.5 0.01 0.0 Ring
50 1000 0.3 1.5 1.5 0.01 0.001 Star
50 1000 0.3 1.5 1.5 0.01 0.001 Ring
50 1000 0.3 1.5 1.5 0.01 0.01 Star
50 1000 0.3 1.5 1.5 0.01 0.01 Ring
50 1000 0.3 1.5 1.5 0.001 0.0 Star
50 1000 0.3 1.5 1.5 0.001 0.0 Ring
50 1000 0.3 1.5 1.5 0.001 0.001 Star
50 1000 0.3 1.5 1.5 0.001 0.001 Ring
50 1000 0.3 1.5 1.5 0.001 0.01 Star
50 1000 0.3 1.5 1.5 0.001 0.01 Ring
50 1000 0.3 1.5 2.0 0.1 0.0 Star
50 1000 0.3 1.5 2.0 0.1 0.0 Ring
50 1000 0.3 1.5 2.0 0.1 0.001 Star
50 1000 0.3 1.5 2.0 0.1 0.001 Ring
50 1000 0.3 1.5 2.0 0.1 0.01 Star
50 1000 0.3 1.5 2.0 0.1 0.01 Ring
50 1000 0.3 1.5 2.0 0.01 0.0 Star
50 1000 0.3 1.5 2.0 0.01 0.0 Ring
50 1000 0.3 1.5 2.0 0.01 0.001 Star
50 1000 0.3 1.5 2.0 0.01 0.001 Ring
50 1000 0.3 1.5 2.0 0.01 0.01 Star
50 1000 0.3 1.5 2.0 0.01 0.01 Ring
50 1000 0.3 1.5 2.0 0.001 0.0 Star
50 1000 0.3 1.5 2.0 0.001 0.0 Ring
50 1000 0.3 1.5 2.0 0.001 0.001 Star
50 1000 0.3 1.5 2.0 0.001 0.001 Ring
50 1000 0.3 1.5 2.0 0.001 0.01 Star
50 1000 0.3 1.5 2.0 0.001 0.01 Ring
50 1000 0.3 1.5 3.0 0.1 0.0 Star
50 1000 0.3 1.5 3.0 0.1 0.0 Ring
50 1000 0.3 1.5 3.0 0.1 0.001 Star
50 1000 0.3 1.5 3.0 0.1 0.001 Ring
50 1000 0.3 1.5 3.0 0.1 0.01 Star
50 1000 0.3 1.5 3.0 0.1 0.01 Ring
50 1000 0.3 1.5 3.0 0.01 0.0 Star
50 1000 0.3 1.5 3.0 0.01 0.0 Ring
50 1000 0.3 1.5 3.0 0.01 0.001 Star
50 1000 0.3 1.5 3.0 0.01 0.001 Ring
50 1000 0.3 1.5 3.0 0.01 0.01 Star
50 1000 0.3 1.5 3.0 0.01 0.01 Ring
50 1000 0.3 1.5 3.0 0.001 0.0 Star
50 1000 0.3 1.5 3.0 0.001 0.0 Ring
50 1000 0.3 1.5 3.0 0.001 0.001 Star
50 1000 0.3 1.5 3.0 0.001 0.001 Ring
50 1000 0.3 1.5 3.0 0.001 0.01 Star
50 1000 0.3 1.5 3.0 0.001 0.01 Ring
50 1000 0.3 2.0 1.5 0.1 0.0 Star
50 1000 0.3 2.0 1.5 0.1 0.0 Ring
50 1000 0.3 2.0 1.5 0.1 0.001 Star
50 1000 0.3 2.0 1.5 0.1 0.001 Ring
50 1000 0.3 2.0 1.5 0.1 0.01 Star
50 1000 0.3 2.0 1.5 0.1 0.01 Ring
50 1000 0.3 2.0 1.5 0.01 0.0 Star
50 1000 0.3 2.0 1.5 0.01 0.0 Ring
50 1000 0.3 2.0 1.5 0.01 0.001 Star
50 1000 0.3 2.0 1.5 0.01 0.001 Ring
50 1000 0.3 2.0 1.5 0.01 0.01 Star
50 1000 0.3 2.0 1.5 0.01 0.01 Ring
50 1000 0.3 2.0 1.5 0.001 0.0 Star
50 1000 0.3 2.0 1.5 0.001 0.0 Ring
50 1000 0.3 2.0 1.5 0.001 0.001 Star
50 1000 0.3 2.0 1.5 0.001 0.001 Ring
50 1000 0.3 2.0 1.5 0.001 0.01 Star
50 1000 0.3 2.0 1.5 0.001 0.01 Ring
50 1000 0.3 2.0 2.0 0.1 0.0 Star
50 1000 0.3 2.0 2.0 0.1 0.0 Ring
50 1000 0.3 2.0 2.0 0.1 0.001 Star
50 1000 0.3 2.0 2.0 0.1 0.001 Ring
50 1000 0.3 2.0 2.0 0.1 0.01 Star
50 1000 0.3 2.0 2.0 0.1 0.01 Ring
50 1000 0.3 2.0 2.0 0.01 0.0 Star
50 1000 0.3 2.0 2.0 0.01 0.0 Ring
50 1000 0.3 2.0 2.0 0.01 0.001 Star
50 1000 0.3 2.0 2.0 0.01 0.001 Ring
50 1000 0.3 2.0 2.0 0.01 0.01 Star
50 1000 0.3 2.0 2.0 0.01 0.01 Ring
50 1000 0.3 2.0 2.0 0.001 0.0 Star
50 1000 0.3 2.0 2.0 0.001 0.0 Ring
50 1000 0.3 2.0 2.0 0.001 0.001 Star
50 1000 0.3 2.0 2.0 0.001 0.001 Ring
50 1000 0.3 2.0 2.0 0.001 0.01 Star
50 1000 0.3 2.0 2.0 0.001 0.01 Ring
50 1000 0.3 2.0 3.0 0.1 0.0 Star
50 1000 0.3 2.0 3.0 0.1 0.0 Ring
50 1000 0.3 2.0 3.0 0.1 0.001 Star
50 1000 0.3 2.0 3.0 0.1 0.001 Ring
50 1000 0.3 2.0 3.0 0.1 0.01 Star
50 1000 0.3 2.0 3.0 0.1 0.01 Ring
50 1000 0.3 2.0 3.0 0.01 0.0 Star
50 1000 0.3 2.0 3.0 0.01 0.0 Ring
50 1000 0.3 2.0 3.0 0.01 0.001 Star
50 1000 0.3 2.0 3.0 0.01 0.001 Ring
50 1000 0.3 2.0 3.0 0.01 0.01 Star
50 1000 0.3 2.0 3.0 0.01 0.01 Ring
50 1000 0.3 2.0 3.0 0.001 0.0 Star
50 1000 0.3 2.0 3.0 0.001 0.0 Ring
50 1000 0.3 2.0 3.0 0.001 0.001 Star
50 1000 0.3 2.0 3.0 0.001 0.001 Ring
50 1000 0.3 2.0 3.0 0.001 0.01 Star
50 1000 0.3 2.0 3.0 0.001 0.01 Ring
50 1000 0.5 0.5 1.5 0.1 0.0 Star
50 1000 0.5 0.5 1.5 0.1 0.0 Ring
50 1000 0.5 0.5 1.5 0.1 0.001 Star
50 1000 0.5 0.5 1.5 0.1 0.001 Ring
50 1000 0.5 0.5 1.5 0.1 0.01 Star
50 1000 0.5 0.5 1.5 0.1 0.01 Ring
50 1000 0.5 0.5 1.5 0.01 0.0 Star
50 1000 0.5 0.5 1.5 0.01 0.0 Ring
50 1000 0.5 0.5 1.5 0.01 0.001 Star
50 1000 0.5 0.5 1.5 0.01 0.001 Ring
50 1000 0.5 0.5 1.5 0.01 0.01 Star
50 1000 0.5 0.5 1.5 0.01 0.01 Ring
50 1000 0.5 0.5 1.5 0.001 0.0 Star
50 1000 0.5 0.5 1.5 0.001 0.0 Ring
50 1000 0.5 0.5 1.5 0.001 0.001 Star
50 1000 0.5 0.5 1.5 0.001 0.001 Ring
50 1000 0.5 0.5 1.5 0.001 0.01 Star
50 1000 0.5 0.5 1.5 0.001 0.01 Ring
50 1000 0.5 0.5 2.0 0.1 0.0 Star
50 1000 0.5 0.5 2.0 0.1 0.0 Ring
50 1000 0.5 0.5 2.0 0.1 0.001 Star
50 1000 0.5 0.5 2.0 0.1 0.001 Ring
50 1000 0.5 0.5 2.0 0.1 0.01 Star
50 1000 0.5 0.5 2.0 0.1 0.01 Ring
50 1000 0.5 0.5 2.0 0.01 0.0 Star
50 1000 0.5 0.5 2.0 0.01 0.0 Ring
50 1000 0.5 0.5 2.0 0.01 0.001 Star
50 1000 0.5 0.5 2.0 0.01 0.001 Ring
50 1000 0.5 0.5 2.0 0.01 0.01 Star
50 1000 0.5 0.5 2.0 0.01 0.01 Ring
50 1000 0.5 0.5 2.0 0.001 0.0 Star
50 1000 0.5 0.5 2.0 0.001 0.0 Ring
50 1000 0.5 0.5 2.0 0.001 0.001 Star
50 1000 0.5 0.5 2.0 0.001 0.001 Ring
50 1000 0.5 0.5 2.0 0.001 0.01 Star
50 1000 0.5 0.5 2.0 0.001 0.01 Ring
50 1000 0.5 0.5 3.0 0.1 0.0 Star
50 1000 0.5 0.5 3.0 0.1 0.0 Ring
50 1000 0.5 0.5 3.0 0.1 0.001 Star
50 1000 0.5 0.5 3.0 0.1 0.001 Ring
50 1000 0.5 0.5 3.0 0.1 0.01 Star
50 1000 0.5 0.5 3.0 0.1 0.01 Ring
50 1000 0.5 0.5 3.0 0.01 0.0 Star
50 1000 0.5 0.5 3.0 0.01 0.0 Ring
50 1000 0.5 0.5 3.0 0.01 0.001 Star
50 1000 0.5 0.5 3.0 0.01 0.001 Ring
50 1000 0.5 0.5 3.0 0.01 0.01 Star
50 1000 0.5 0.5 3.0 0.01 0.01 Ring
50 1000 0.5 0.5 3.0 0.001 0.0 Star
50 1000 0.5 0.5 3.0 0.001 0.0 Ring
50 1000 0.5 0.5 3.0 0.001 0.001 Star
50 1000 0.5 0.5 3.0 0.001 0.001 Ring
50 1000 0.5 0.5 3.0 0.001 0.01 Star
50 1000 0.5 0.5 3.0 0.001 0.01 Ring
50 1000 0.5 1.5 1.5 0.1 0.0 Star
50 1000 0.5 1.5 1.5 0.1 0.0 Ring
50 1000 0.5 1.5 1.5 0.1 0.001 Star
50 1000 0.5 1.5 1.5 0.1 0.001 Ring
50 1000 0.5 1.5 1.5 0.1 0.01 Star
50 1000 0.5 1.5 1.5 0.1 0.01 Ring
50 1000 0.5 1.5 1.5 0.01 0.0 Star
50 1000 0.5 1.5 1.5 0.01 0.0 Ring
50 1000 0.5 1.5 1.5 0.01 0.001 Star
50 1000 0.5 1.5 1.5 0.01 0.001 Ring
50 1000 0.5 1.5 1.5 0.01 0.01 Star
50 1000 0.5 1.5 1.5 0.01 0.01 Ring
50 1000 0.5 1.5 1.5 0.001 0.0 Star
50 1000 0.5 1.5 1.5 0.001 0.0 Ring
50 1000 0.5 1.5 1.5 0.001 0.001 Star
50 1000 0.5 1.5 1.5 0.001 0.001 Ring
50 1000 0.5 1.5 1.5 0.001 0.01 Star
50 1000 0.5 1.5 1.5 0.001 0.01 Ring
50 1000 0.5 1.5 2.0 0.1 0.0 Star
50 1000 0.5 1.5 2.0 0.1 0.0 Ring
50 1000 0.5 1.5 2.0 0.1 0.001 Star
50 1000 0.5 1.5 2.0 0.1 0.001 Ring
50 1000 0.5 1.5 2.0 0.1 0.01 Star
50 1000 0.5 1.5 2.0 0.1 0.01 Ring
50 1000 0.5 1.5 2.0 0.01 0.0 Star
50 1000 0.5 1.5 2.0 0.01 0.0 Ring
50 1000 0.5 1.5 2.0 0.01 0.001 Star
50 1000 0.5 1.5 2.0 0.01 0.001 Ring
50 1000 0.5 1.5 2.0 0.01 0.01 Star
50 1000 0.5 1.5 2.0 0.01 0.01 Ring
50 1000 0.5 1.5 2.0 0.001 0.0 Star
50 1000 0.5 1.5 2.0 0.001 0.0 Ring
50 1000 0.5 1.5 2.0 0.001 0.001 Star
50 1000 0.5 1.5 2.0 0.001 0.001 Ring
50 1000 0.5 1.5 2.0 0.001 0.01 Star
50 1000 0.5 1.5 2.0 0.001 0.01 Ring
50 1000 0.5 1.5 3.0 0.1 0.0 Star
50 1000 0.5 1.5 3.0 0.1 0.0 Ring
50 1000 0.5 1.5 3.0 0.1 0.001 Star
50 1000 0.5 1.5 3.0 0.1 0.001 Ring
50 1000 0.5 1.5 3.0 0.1 0.01 Star
50 1000 0.5 1.5 3.0 0.1 0.01 Ring
50 1000 0.5 1.5 3.0 0.01 0.0 Star
50 1000 0.5 1.5 3.0 0.01 0.0 Ring
50 1000 0.5 1.5 3.0 0.01 0.001 Star
50 1000 0.5 1.5 3.0 0.01 0.001 Ring
50 1000 0.5 1.5 3.0 0.01 0.01 Star
50 1000 0.5 1.5 3.0 0.01 0.01 Ring
50 1000 0.5 1.5 3.0 0.001 0.0 Star
50 1000 0.5 1.5 3.0 0.001 0.0 Ring
50 1000 0.5 1.5 3.0 0.001 0.001 Star
50 1000 0.5 1.5 3.0 0.001 0.001 Ring
50 1000 0.5 1.5 3.0 0.001 0.01 Star
50 1000 0.5 1.5 3.0 0.001 0.01 Ring
50 1000 0.5 2.0 1.5 0.1 0.0 Star
50 1000 0.5 2.0 1.5 0.1 0.0 Ring
50 1000 0.5 2.0 1.5 0.1 0.001 Star
50 1000 0.5 2.0 1.5 0.1 0.001 Ring
50 1000 0.5 2.0 1.5 0.1 0.01 Star
50 1000 0.5 2.0 1.5 0.1 0.01 Ring
50 1000 0.5 2.0 1.5 0.01 0.0 Star
50 1000 0.5 2.0 1.5 0.01 0.0 Ring
50 1000 0.5 2.0 1.5 0.01 0.001 Star
50 1000 0.5 2.0 1.5 0.01 0.001 Ring
50 1000 0.5 2.0 1.5 0.01 0.01 Star
50 1000 0.5 2.0 1.5 0.01 0.01 Ring
50 1000 0.5 2.0 1.5 0.001 0.0 Star
50 1000 0.5 2.0 1.5 0.001 0.0 Ring
50 1000 0.5 2.0 1.5 0.001 0.001 Star
50 1000 0.5 2.0 1.5 0.001 0.001 Ring
50 1000 0.5 2.0 1.5 0.001 0.01 Star
50 1000 0.5 2.0 1.5 0.001 0.01 Ring
50 1000 0.5 2.0 2.0 0.1 0.0 Star
50 1000 0.5 2.0 2.0 0.1 0.0 Ring
50 1000 0.5 2.0 2.0 0.1 0.001 Star
50 1000 0.5 2.0 2.0 0.1 0.001 Ring
50 1000 0.5 2.0 2.0 0.1 0.01 Star
50 1000 0.5 2.0 2.0 0.1 0.01 Ring
50 1000 0.5 2.0 2.0 0.01 0.0 Star
50 1000 0.5 2.0 2.0 0.01 0.0 Ring
50 1000 0.5 2.0 2.0 0.01 0.001 Star
50 1000 0.5 2.0 2.0 0.01 0.001 Ring
50 1000 0.5 2.0 2.0 0.01 0.01 Star
50 1000 0.5 2.0 2.0 0.01 0.01 Ring
50 1000 0.5 2.0 2.0 0.001 0.0 Star
50 1000 0.5 2.0 2.0 0.001 0.0 Ring
50 1000 0.5 2.0 2.0 0.001 0.001 Star
50 1000 0.5 2.0 2.0 0.001 0.001 Ring
50 1000 0.5 2.0 2.0 0.001 0.01 Star
50 1000 0.5 2.0 2.0 0.001 0.01 Ring
50 1000 0.5 2.0 3.0 0.1 0.0 Star
50 1000 0.5 2.0 3.0 0.1 0.0 Ring
50 1000 0.5 2.0 3.0 0.1 0.001 Star
50 1000 0.5 2.0 3.0 0.1 0.001 Ring
50 1000 0.5 2.0 3.0 0.1 0.01 Star
50 1000 0.5 2.0 3.0 0.1 0.01 Ring
50 1000 0.5 2.0 3.0 0.01 0.0 Star
50 1000 0.5 2.0 3.0 0.01 0.0 Ring
50 1000 0.5 2.0 3.0 0.01 0.001 Star
50 1000 0.5 2.0 3.0 0.01 0.001 Ring
50 1000 0.5 2.0 3.0 0.01 0.01 Star
50 1000 0.5 2.0 3.0 0.01 0.01 Ring
50 1000 0.5 2.0 3.0 0.001 0.0 Star
50 1000 0.5 2.0 3.0 0.001 0.0 Ring
50 1000 0.5 2.0 3.0 0.001 0.001 Star
50 1000 0.5 2.0 3.0 0.001 0.001 Ring
50 1000 0.5 2.0 3.0 0.001 0.01 Star
50 1000 0.5 2.0 3.0 0.001 0.01 Ring
